1.335980535191414198e+01,1.335980535191414198e+01,1.130562608482587450e+01,1.078088424554871061e+01,7.300676288307133888e+00,6.648424519840325786e+00,5.400330926855630764e+00,5.400330926855630764e+00,2.833690421085510724e+00,2.833690421085510724e+00,2.833690421085510724e+00,2.833690421085510724e+00,2.833690421085510724e+00,2.833690421085510724e+00,2.833690421085510724e+00,2.833690421085510724e+00,2.833690421085510724e+00,2.833690421085510724e+00,2.833690421085510724e+00,2.833690421085510724e+00,2.833690421085510724e+00
1.934966420732536463e+01,1.934966420732536463e+01,1.934966420732536463e+01,1.934966420732536463e+01,1.934966420732536463e+01,1.934966420732536463e+01,1.934966420732536463e+01,1.934966420732536463e+01,1.934966420732536463e+01,1.924913596268268634e+01,1.924913596268268634e+01,1.924913596268268634e+01,1.924913596268268634e+01,1.924913596268268634e+01,1.921202709056521840e+01,1.905815290155846142e+01,1.866872027361355535e+01,1.764389981336444180e+01,1.764389981336444180e+01,1.764389981336444180e+01,1.764389981336444180e+01
1.860753454018246700e+01,1.860753454018246700e+01,1.860753454018246700e+01,1.860753454018246700e+01,1.860753454018246700e+01,1.860753454018246700e+01,1.860753454018246700e+01,1.860753454018246700e+01,1.860753454018246700e+01,1.860753454018246700e+01,1.860753454018246700e+01,1.860753454018246700e+01,1.860753454018246700e+01,1.812360465747519100e+01,1.812360465747519100e+01,1.812360465747519100e+01,1.812360465747519100e+01,1.812360465747519100e+01,1.812360465747519100e+01,1.812360465747519100e+01,1.812360465747519100e+01
1.969026045083420229e+01,1.916310213886279001e+01,1.916310213886279001e+01,1.916310213886279001e+01,1.916310213886279001e+01,1.916310213886279001e+01,1.916310213886279001e+01,1.916310213886279001e+01,1.916310213886279001e+01,1.916310213886279001e+01,1.916310213886279001e+01,1.916310213886279001e+01,1.916310213886279001e+01,1.862730943448488929e+01,1.862730943448488929e+01,1.862730943448488929e+01,1.862730943448488929e+01,1.862730943448488929e+01,1.744909141647380935e+01,1.744909141647380935e+01,1.744909141647380935e+01
1.389803335773068405e+01,1.389803335773068405e+01,1.389803335773068405e+01,1.389803335773068405e+01,1.389803335773068405e+01,1.389803335773068405e+01,1.389803335773068405e+01,1.389803335773068405e+01,1.389803335773068405e+01,1.389803335773068405e+01,1.389803335773068405e+01,1.389803335773068405e+01,1.389803335773068405e+01,1.389803335773068405e+01,1.389803335773068405e+01,1.389803335773068405e+01,1.389803335773068405e+01,1.389803335773068405e+01,1.389803335773068405e+01,1.389803335773068405e+01,1.389803335773068405e+01
1.717578889301929479e+01,1.717578889301929479e+01,1.575373815927017418e+01,1.575373815927017418e+01,1.575373815927017418e+01,1.575373815927017418e+01,1.575373815927017418e+01,1.494474209301687395e+01,1.494474209301687395e+01,1.494474209301687395e+01,1.494474209301687395e+01,1.494474209301687395e+01,1.494474209301687395e+01,1.494474209301687395e+01,1.494474209301687395e+01,1.494474209301687395e+01,1.494474209301687395e+01,1.494474209301687395e+01,1.494474209301687395e+01,1.494474209301687395e+01,1.494474209301687395e+01
5.996323157585933927e+00,5.996323157585933927e+00,4.127946746491854668e+00,4.059915626895431728e+00,8.987432657710638928e-01,8.987432657710638928e-01,8.987432657710638928e-01,8.987432657710638928e-01,8.987432657710638928e-01,8.987432657710638928e-01,8.987432657710638928e-01,8.987432657710638928e-01,8.987432657710638928e-01,8.987432657710638928e-01,8.987432657710638928e-01,8.987432657710638928e-01,8.987432657710638928e-01,8.987432657710638928e-01,8.987432657710638928e-01,8.987432657710638928e-01,8.987432657710638928e-01
1.178524934950949010e+01,7.895895451880647897e+00,7.895895451880647897e+00,6.345002700198325130e+00,4.303898340438699677e+00,4.303898340438699677e+00,3.737180632561888149e+00,3.737180632561888149e+00,3.737180632561888149e+00,3.737180632561888149e+00,3.737180632561888149e+00,3.737180632561888149e+00,3.737180632561888149e+00,3.737180632561888149e+00,2.576735594481477154e+00,1.980186575290297402e+00,1.980186575290297402e+00,1.980186575290297402e+00,1.980186575290297402e+00,1.980186575290297402e+00,1.980186575290297402e+00
1.224061107890602962e+01,1.191920595255187187e+01,1.021064500554287235e+01,1.021064500554287235e+01,1.021064500554287235e+01,1.021064500554287235e+01,1.021064500554287235e+01,1.021064500554287235e+01,1.021064500554287235e+01,1.021064500554287235e+01,1.021064500554287235e+01,1.021064500554287235e+01,1.021064500554287235e+01,1.021064500554287235e+01,1.021064500554287235e+01,1.021064500554287235e+01,1.021064500554287235e+01,1.021064500554287235e+01,1.021064500554287235e+01,1.021064500554287235e+01,1.021064500554287235e+01
1.829104482398282983e+01,1.749781795386321193e+01,1.749781795386321193e+01,1.749781795386321193e+01,1.154912266143287347e+01,1.154912266143287347e+01,1.154912266143287347e+01,1.154912266143287347e+01,1.154912266143287347e+01,1.154912266143287347e+01,1.055539168926652671e+01,9.677242948940971701e+00,9.677242948940971701e+00,9.341669290002446502e+00,9.066307800434927344e+00,8.531527107952284084e+00,6.846570750080477552e+00,6.643175382671650198e+00,6.520335182585608180e+00,6.219885001547638126e+00,6.219885001547638126e+00
5.978648479962799911e+00,4.579607441667565837e+00,4.429100274617336908e+00,3.831883565637948852e+00,3.831883565637948852e+00,3.831883565637948852e+00,3.831883565637948852e+00,3.831883565637948852e+00,3.831883565637948852e+00,3.831883565637948852e+00,3.831883565637948852e+00,3.831883565637948852e+00,2.521859857554819673e+00,2.521859857554819673e+00,2.521859857554819673e+00,7.686667383548884125e-01,7.686667383548884125e-01,7.686667383548884125e-01,7.686667383548884125e-01,7.686667383548884125e-01,7.686667383548884125e-01
1.636702301571954976e+01,1.636702301571954976e+01,1.326585989758706319e+01,1.269515888732956910e+01,8.482665039610234103e+00,8.482665039610234103e+00,8.482665039610234103e+00,8.482665039610234103e+00,8.482665039610234103e+00,8.482665039610234103e+00,8.482665039610234103e+00,8.126450685057008627e+00,6.945779045923638151e+00,5.837331504441916508e+00,5.837331504441916508e+00,4.256383978098291720e+00,4.126156881724948988e+00,4.126156881724948988e+00,4.126156881724948988e+00,3.450656205828547929e+00,1.909332424576281273e+00
1.879832299078034552e+01,1.879832299078034552e+01,1.879832299078034552e+01,1.879832299078034552e+01,1.879832299078034552e+01,1.879832299078034552e+01,1.879832299078034552e+01,1.879832299078034552e+01,1.858421592097890240e+01,1.820693392977280567e+01,1.820693392977280567e+01,1.777897051489346225e+01,1.625376797718813648e+01,1.625376797718813648e+01,1.625376797718813648e+01,1.625376797718813648e+01,1.625376797718813648e+01,1.625376797718813648e+01,1.363101697813032231e+01,1.343890914471650255e+01,1.185898400321719848e+01
8.375806098973582081e+00,7.908706599109219582e+00,7.908706599109219582e+00,6.380208530500851793e+00,3.321346587904447478e+00,3.252011153481643380e+00,3.252011153481643380e+00,1.590650509297145465e+00,1.590650509297145465e+00,1.590650509297145465e+00,1.590650509297145465e+00,1.590650509297145465e+00,1.590650509297145465e+00,1.590650509297145465e+00,1.590650509297145465e+00,1.590650509297145465e+00,1.590650509297145465e+00,1.590650509297145465e+00,1.590650509297145465e+00,1.590650509297145465e+00,1.590650509297145465e+00
1.649778886070507511e+01,1.104959139509761457e+01,8.757868352949396140e+00,8.757868352949396140e+00,8.757868352949396140e+00,8.757868352949396140e+00,7.302528418719520076e+00,7.224880709198322037e+00,5.685597641893590293e+00,3.467218722648216289e+00,3.467218722648216289e+00,3.467218722648216289e+00,3.467218722648216289e+00,3.467218722648216289e+00,3.467218722648216289e+00,3.232635496242093343e+00,3.232635496242093343e+00,3.232635496242093343e+00,3.232635496242093343e+00,3.232635496242093343e+00,3.232635496242093343e+00
7.682573789160340283e+00,7.682573789160340283e+00,7.682573789160340283e+00,3.699696800297620047e+00,3.699696800297620047e+00,3.699696800297620047e+00,3.699696800297620047e+00,3.699696800297620047e+00,3.699696800297620047e+00,3.699696800297620047e+00,3.699696800297620047e+00,2.796909589401835650e+00,2.796909589401835650e+00,2.796909589401835650e+00,2.796909589401835650e+00,2.796909589401835650e+00,2.796909589401835650e+00,2.796909589401835650e+00,2.796909589401835650e+00,2.796909589401835650e+00,2.796909589401835650e+00
1.834117828942339301e+01,1.635584981181992248e+01,1.505456774775129425e+01,1.498846528966397784e+01,1.396417738109892426e+01,1.322361798490440954e+01,1.068940175198042120e+01,1.068940175198042120e+01,1.068940175198042120e+01,1.068940175198042120e+01,1.068940175198042120e+01,1.068940175198042120e+01,1.068940175198042120e+01,1.068940175198042120e+01,1.068940175198042120e+01,1.068940175198042120e+01,1.068940175198042120e+01,1.068940175198042120e+01,1.068940175198042120e+01,1.068940175198042120e+01,1.068940175198042120e+01
1.474763790581407363e+01,1.408030217774561876e+01,1.398854352842824511e+01,1.398854352842824511e+01,1.398854352842824511e+01,1.398854352842824511e+01,1.382770174049107226e+01,1.303873688749870396e+01,1.051482544304341005e+01,1.051482544304341005e+01,1.051482544304341005e+01,1.051482544304341005e+01,1.051482544304341005e+01,1.051482544304341005e+01,1.051482544304341005e+01,1.051482544304341005e+01,1.051482544304341005e+01,1.051482544304341005e+01,1.051482544304341005e+01,1.051482544304341005e+01,1.051482544304341005e+01
5.383062357073221449e+00,5.383062357073221449e+00,5.383062357073221449e+00,5.383062357073221449e+00,5.383062357073221449e+00,5.383062357073221449e+00,5.383062357073221449e+00,5.383062357073221449e+00,5.383062357073221449e+00,5.383062357073221449e+00,5.383062357073221449e+00,5.383062357073221449e+00,4.203367683539866562e+00,4.203367683539866562e+00,4.203367683539866562e+00,4.203367683539866562e+00,4.203367683539866562e+00,4.203367683539866562e+00,4.203367683539866562e+00,4.203367683539866562e+00,4.203367683539866562e+00
1.843527188430255848e+01,1.843527188430255848e+01,1.843527188430255848e+01,1.843527188430255848e+01,1.843527188430255848e+01,1.843527188430255848e+01,1.843527188430255848e+01,1.843527188430255848e+01,1.843527188430255848e+01,1.843527188430255848e+01,1.843527188430255848e+01,1.843527188430255848e+01,1.843527188430255848e+01,1.843527188430255848e+01,1.843527188430255848e+01,1.843527188430255848e+01,1.843527188430255848e+01,1.843527188430255848e+01,1.843527188430255848e+01,1.843527188430255848e+01,1.843527188430255848e+01
