1.335980535191414198e+01,1.335980535191414198e+01,1.081509342800767293e+01,1.041473165691957448e+01,6.561258476669234341e+00,5.629030137399670508e+00,3.485918513706970590e+00,3.485918513706970590e+00,2.979311672986260096e+00,2.979311672986260096e+00,2.979311672986260096e+00,2.979311672986260096e+00,2.948621367753194722e+00,2.948621367753194722e+00,2.948621367753194722e+00,2.948621367753194722e+00,2.948621367753194722e+00,2.948621367753194722e+00,2.948621367753194722e+00,2.948621367753194722e+00,2.948621367753194722e+00
1.934966420732536463e+01,1.934966420732536463e+01,1.934966420732536463e+01,1.546241883630125002e+01,1.312644682186934730e+01,1.263267411167394272e+01,1.213722536846542965e+01,1.213722536846542965e+01,9.256857597515548264e+00,5.604301558235199821e+00,5.604301558235199821e+00,5.604301558235199821e+00,5.604301558235199821e+00,5.604301558235199821e+00,5.604301558235199821e+00,5.604301558235199821e+00,5.604301558235199821e+00,5.604301558235199821e+00,5.604301558235199821e+00,5.604301558235199821e+00,5.604301558235199821e+00
1.860753454018246700e+01,1.841764305490132969e+01,1.841764305490132969e+01,9.842640192827493806e+00,7.983325560723233849e+00,7.983325560723233849e+00,7.983325560723233849e+00,6.626073857734041894e+00,4.686426168008910764e+00,4.041944306655693708e+00,4.041944306655693708e+00,2.506707809652227059e+00,2.506707809652227059e+00,2.506707809652227059e+00,2.506707809652227059e+00,2.506707809652227059e+00,2.506707809652227059e+00,2.506707809652227059e+00,2.506707809652227059e+00,2.506707809652227059e+00,2.506707809652227059e+00
1.969026045083420229e+01,1.420343684912451998e+01,1.420343684912451998e+01,1.349360273569162949e+01,9.800554658724660584e+00,9.800554658724660584e+00,9.800554658724660584e+00,9.800554658724660584e+00,9.689772490240741831e+00,7.803835996236243133e+00,7.803835996236243133e+00,7.455831879682563113e+00,5.846384307957745108e+00,5.846384307957745108e+00,4.323287902198281074e+00,3.988378838421724470e+00,3.536137978483747890e+00,3.536137978483747890e+00,3.536137978483747890e+00,3.536137978483747890e+00,3.536137978483747890e+00
1.389803335773068405e+01,1.389803335773068405e+01,1.343572866856643344e+01,1.343572866856643344e+01,1.343572866856643344e+01,1.343572866856643344e+01,1.343572866856643344e+01,1.343572866856643344e+01,1.212852391479143321e+01,1.172095453580521429e+01,1.090491755828501930e+01,1.002790484852173947e+01,8.467413464360468822e+00,7.857071254149779804e+00,7.857071254149779804e+00,6.035057177285469976e+00,6.035057177285469976e+00,6.035057177285469976e+00,6.035057177285469976e+00,4.786957389433656118e+00,4.265952603975271984e+00
1.717578889301929479e+01,1.688577556809588032e+01,1.619975821798309212e+01,1.417892267183196786e+01,1.086835928419445629e+01,8.833545490552580759e+00,6.908234599533013665e+00,5.380019046636448365e+00,5.380019046636448365e+00,5.380019046636448365e+00,5.380019046636448365e+00,5.380019046636448365e+00,5.380019046636448365e+00,5.380019046636448365e+00,5.380019046636448365e+00,5.380019046636448365e+00,5.380019046636448365e+00,5.380019046636448365e+00,5.380019046636448365e+00,5.380019046636448365e+00,5.380019046636448365e+00
5.996323157585933927e+00,5.996323157585933927e+00,4.347448853989494211e+00,3.732806271063850989e+00,3.732806271063850989e+00,3.732806271063850989e+00,3.732806271063850989e+00,3.572927423950698955e+00,3.572927423950698955e+00,3.572927423950698955e+00,3.572927423950698955e+00,3.572927423950698955e+00,3.572927423950698955e+00,3.572927423950698955e+00,3.572927423950698955e+00,3.572927423950698955e+00,3.572927423950698955e+00,3.572927423950698955e+00,3.572927423950698955e+00,3.572927423950698955e+00,3.572927423950698955e+00
1.178524934950949010e+01,7.697266587522799242e+00,7.697266587522799242e+00,3.944323207048299640e+00,3.944323207048299640e+00,2.443717611968839964e+00,2.443717611968839964e+00,6.653863344928767631e-02,6.653863344928767631e-02,6.653863344928767631e-02,6.653863344928767631e-02,6.653863344928767631e-02,6.653863344928767631e-02,6.653863344928767631e-02,6.653863344928767631e-02,6.653863344928767631e-02,6.653863344928767631e-02,6.653863344928767631e-02,6.653863344928767631e-02,6.653863344928767631e-02,6.653863344928767631e-02
1.224061107890602962e+01,1.224061107890602962e+01,1.224061107890602962e+01,1.224061107890602962e+01,1.224061107890602962e+01,1.224061107890602962e+01,1.224061107890602962e+01,1.224061107890602962e+01,1.224061107890602962e+01,1.224061107890602962e+01,1.224061107890602962e+01,1.224061107890602962e+01,1.224061107890602962e+01,1.224061107890602962e+01,1.224061107890602962e+01,1.224061107890602962e+01,1.224061107890602962e+01,1.224061107890602962e+01,1.028602591430752611e+01,1.028602591430752611e+01,1.028602591430752611e+01
1.829104482398282983e+01,1.120889375269111277e+01,8.740405972432775172e+00,8.260351297324815434e+00,6.607468745809079280e+00,5.728359730894148072e+00,4.286306301845176137e+00,4.286306301845176137e+00,3.211932110308453492e+00,3.200532376314793925e+00,1.050565878580208778e+00,1.050565878580208778e+00,1.050565878580208778e+00,1.050565878580208778e+00,1.050565878580208778e+00,1.050565878580208778e+00,1.050565878580208778e+00,1.050565878580208778e+00,1.050565878580208778e+00,1.050565878580208778e+00,1.050565878580208778e+00
5.978648479962799911e+00,5.978648479962799911e+00,3.613300495402214541e+00,2.368038978192924748e+00,2.368038978192924748e+00,2.368038978192924748e+00,2.368038978192924748e+00,2.368038978192924748e+00,2.368038978192924748e+00,2.368038978192924748e+00,2.368038978192924748e+00,2.368038978192924748e+00,2.368038978192924748e+00,2.368038978192924748e+00,2.368038978192924748e+00,2.368038978192924748e+00,2.368038978192924748e+00,2.368038978192924748e+00,2.368038978192924748e+00,2.368038978192924748e+00,2.368038978192924748e+00
1.636702301571954976e+01,1.610579843595052552e+01,1.610579843595052552e+01,1.427968478983417810e+01,1.226131650055141797e+01,1.106790810067010078e+01,7.521865403148780160e+00,6.166686995154282869e+00,5.563953052743375594e+00,4.108032118451031778e+00,4.108032118451031778e+00,4.108032118451031778e+00,2.004724904003236663e+00,2.004724904003236663e+00,2.004724904003236663e+00,2.004724904003236663e+00,2.004724904003236663e+00,2.004724904003236663e+00,2.004724904003236663e+00,2.004724904003236663e+00,2.004724904003236663e+00
1.879832299078034552e+01,1.879832299078034552e+01,1.879832299078034552e+01,1.879832299078034552e+01,1.879832299078034552e+01,1.879832299078034552e+01,1.879832299078034552e+01,1.879832299078034552e+01,1.879832299078034552e+01,1.879832299078034552e+01,1.879832299078034552e+01,1.879832299078034552e+01,1.879832299078034552e+01,1.879832299078034552e+01,1.879832299078034552e+01,1.879832299078034552e+01,1.879832299078034552e+01,1.879832299078034552e+01,1.879832299078034552e+01,1.879832299078034552e+01,1.879832299078034552e+01
8.375806098973582081e+00,8.185273902824402370e+00,8.185273902824402370e+00,5.547221940402831564e+00,3.045517385208853955e+00,3.005091318125348909e+00,3.005091318125348909e+00,1.433350215660582183e+00,1.433350215660582183e+00,1.433350215660582183e+00,1.433350215660582183e+00,1.433350215660582183e+00,1.433350215660582183e+00,1.433350215660582183e+00,1.433350215660582183e+00,1.433350215660582183e+00,1.433350215660582183e+00,1.433350215660582183e+00,1.433350215660582183e+00,1.433350215660582183e+00,1.433350215660582183e+00
1.649778886070507511e+01,8.581914511665436507e+00,7.636040651959849157e+00,4.309347256171125906e+00,1.580872834695924656e+00,1.580872834695924656e+00,1.580872834695924656e+00,1.580872834695924656e+00,1.580872834695924656e+00,1.580872834695924656e+00,1.580872834695924656e+00,1.580872834695924656e+00,1.580872834695924656e+00,1.337419014068793377e+00,1.337419014068793377e+00,1.337419014068793377e+00,1.337419014068793377e+00,1.337419014068793377e+00,1.337419014068793377e+00,1.337419014068793377e+00,1.337419014068793377e+00
7.682573789160340283e+00,7.682573789160340283e+00,7.682573789160340283e+00,4.164874507304720197e+00,3.712236381496385906e+00,3.712236381496385906e+00,3.712236381496385906e+00,3.712236381496385906e+00,3.712236381496385906e+00,3.712236381496385906e+00,3.712236381496385906e+00,3.712236381496385906e+00,3.712236381496385906e+00,3.712236381496385906e+00,3.712236381496385906e+00,3.712236381496385906e+00,3.712236381496385906e+00,3.712236381496385906e+00,3.712236381496385906e+00,3.027648538023495650e+00,3.027648538023495650e+00
1.834117828942339301e+01,1.123371518591106799e+01,1.021239181400135898e+01,8.065289580748522980e+00,5.966814123568237704e+00,5.966814123568237704e+00,2.957169085858034396e+00,2.957169085858034396e+00,2.957169085858034396e+00,2.923746184371261325e+00,2.923746184371261325e+00,2.923746184371261325e+00,2.923746184371261325e+00,2.923746184371261325e+00,2.923746184371261325e+00,2.923746184371261325e+00,2.923746184371261325e+00,2.923746184371261325e+00,2.923746184371261325e+00,2.923746184371261325e+00,2.923746184371261325e+00
1.474763790581407363e+01,1.228107665333829246e+01,1.228107665333829246e+01,1.228107665333829246e+01,1.228107665333829246e+01,1.221906735684190082e+01,1.079886293635391681e+01,1.030219334634230322e+01,9.124131716419146443e+00,7.570084557526156388e+00,6.260897051643119937e+00,5.516221703253286535e+00,4.533431011008829614e+00,4.533431011008829614e+00,1.730966713058912365e+00,1.730966713058912365e+00,5.560892540274662288e-01,5.560892540274662288e-01,5.560892540274662288e-01,5.560892540274662288e-01,5.560892540274662288e-01
5.383062357073221449e+00,5.383062357073221449e+00,4.827018575867246142e+00,3.119762885988109691e+00,3.119762885988109691e+00,3.119762885988109691e+00,3.119762885988109691e+00,3.119762885988109691e+00,3.119762885988109691e+00,3.119762885988109691e+00,3.119762885988109691e+00,3.119762885988109691e+00,3.119762885988109691e+00,3.119762885988109691e+00,3.119762885988109691e+00,3.119762885988109691e+00,3.119762885988109691e+00,3.119762885988109691e+00,3.119762885988109691e+00,3.119762885988109691e+00,3.119762885988109691e+00
1.843527188430255848e+01,1.843527188430255848e+01,1.843527188430255848e+01,1.843527188430255848e+01,1.843527188430255848e+01,1.843527188430255848e+01,1.843527188430255848e+01,1.843527188430255848e+01,1.843527188430255848e+01,1.843527188430255848e+01,1.843527188430255848e+01,1.843527188430255848e+01,1.843527188430255848e+01,1.843527188430255848e+01,1.843527188430255848e+01,1.843527188430255848e+01,1.843527188430255848e+01,1.843527188430255848e+01,1.843527188430255848e+01,1.843527188430255848e+01,1.843527188430255848e+01
