1.513676229946356067e+01,1.297222223999149904e+01,7.071757584997010682e+00,3.602020894421657182e+00,3.602020894421657182e+00,1.497214728445178000e+00,9.297531380484694852e-01,6.333564837496999944e-01,6.333564837496999944e-01,5.740973599891975310e-01,3.580314433054262446e-01,3.580314433054262446e-01,3.580314433054262446e-01,3.580314433054262446e-01,3.580314433054262446e-01,3.580314433054262446e-01,3.580314433054262446e-01,3.580314433054262446e-01,3.580314433054262446e-01,3.580314433054262446e-01,3.580314433054262446e-01
1.948512006289873000e+01,1.948512006289873000e+01,1.095884331811750201e+01,7.302762127364038847e+00,3.800584333865419495e+00,3.800584333865419495e+00,3.800584333865419495e+00,3.800584333865419495e+00,2.695431187479314428e+00,2.695431187479314428e+00,2.695431187479314428e+00,2.401264802972696177e+00,2.401264802972696177e+00,2.401264802972696177e+00,2.401264802972696177e+00,2.401264802972696177e+00,2.401264802972696177e+00,2.401264802972696177e+00,2.401264802972696177e+00,2.401264802972696177e+00,1.949754122681062629e+00
6.802468539619835219e+00,6.802468539619835219e+00,2.203035785480117692e+00,2.203035785480117692e+00,4.764328021299690241e-01,7.103812274862853979e-03,7.103812274862853979e-03,7.103812274862853979e-03,7.103812274862853979e-03,7.103812274862853979e-03,7.103812274862853979e-03,7.103812274862853979e-03,7.103812274862853979e-03,7.103812274862853979e-03,7.103812274862853979e-03,7.103812274862853979e-03,7.103812274862853979e-03,7.103812274862853979e-03,7.103812274862853979e-03,7.103812274862853979e-03,7.103812274862853979e-03
1.434859887684804924e+01,2.823512976940787844e+00,2.685181563560744777e+00,1.968905175912208039e+00,1.968905175912208039e+00,1.573018528049257458e+00,1.002772560255395407e+00,1.002772560255395407e+00,1.002772560255395407e+00,1.002772560255395407e+00,1.002772560255395407e+00,1.002772560255395407e+00,1.002772560255395407e+00,1.002772560255395407e+00,1.002772560255395407e+00,1.002772560255395407e+00,7.529150483321667142e-02,3.550011897894635171e-02,3.550011897894635171e-02,3.550011897894635171e-02,3.550011897894635171e-02
3.067613505143035102e+00,1.773032801359229804e+00,1.186456096170640517e+00,1.186456096170640517e+00,1.186456096170640517e+00,1.186456096170640517e+00,1.186456096170640517e+00,1.186456096170640517e+00,1.186456096170640517e+00,1.186456096170640517e+00,1.186456096170640517e+00,1.186456096170640517e+00,1.186456096170640517e+00,6.934686325372748650e-01,4.566913803860745968e-01,4.566913803860745968e-01,3.538176653882826317e-01,3.538176653882826317e-01,3.808832473795026319e-02,3.808832473795026319e-02,3.808832473795026319e-02
1.551413049639426944e+01,1.518860652079886364e+01,1.505677417330145929e+01,1.479245323158122005e+01,1.452225813152396583e+01,1.411852212245688420e+01,1.393476077895688015e+01,1.393476077895688015e+01,1.201064569652764291e+01,1.201064569652764291e+01,8.126185538335256808e+00,8.126185538335256808e+00,1.690818793388255914e+00,1.690818793388255914e+00,1.690818793388255914e+00,1.690818793388255914e+00,1.690818793388255914e+00,1.690818793388255914e+00,1.690818793388255914e+00,1.690818793388255914e+00,1.690818793388255914e+00
2.532226537349921536e+00,2.532226537349921536e+00,2.532226537349921536e+00,2.532226537349921536e+00,1.407212485114709200e+00,1.407212485114709200e+00,1.407212485114709200e+00,1.407212485114709200e+00,1.407212485114709200e+00,1.407212485114709200e+00,1.407212485114709200e+00,1.407212485114709200e+00,2.826372406633842482e-01,2.826372406633842482e-01,2.826372406633842482e-01,2.826372406633842482e-01,2.826372406633842482e-01,2.826372406633842482e-01,2.826372406633842482e-01,2.826372406633842482e-01,2.826372406633842482e-01
2.499512007542088909e+00,2.032603492049206206e+00,8.964747476147669758e-01,8.964747476147669758e-01,8.084207120647770584e-01,8.084207120647770584e-01,8.084207120647770584e-01,8.084207120647770584e-01,8.084207120647770584e-01,8.084207120647770584e-01,8.084207120647770584e-01,8.084207120647770584e-01,4.250153944698706332e-01,4.250153944698706332e-01,4.250153944698706332e-01,4.250153944698706332e-01,4.250153944698706332e-01,4.250153944698706332e-01,4.250153944698706332e-01,4.250153944698706332e-01,4.250153944698706332e-01
5.865096455221217031e-01,5.865096455221217031e-01,5.865096455221217031e-01,6.473417465691351513e-02,6.473417465691351513e-02,6.473417465691351513e-02,6.473417465691351513e-02,6.473417465691351513e-02,6.473417465691351513e-02,6.473417465691351513e-02,6.424666772089193678e-02,6.424666772089193678e-02,6.424666772089193678e-02,6.424666772089193678e-02,6.424666772089193678e-02,6.424666772089193678e-02,6.424666772089193678e-02,6.424666772089193678e-02,6.424666772089193678e-02,6.424666772089193678e-02,6.424666772089193678e-02
1.028825199428522907e+01,4.732473060860645120e+00,3.950559929115695201e+00,1.331546082125907970e+00,1.125276517138066756e+00,2.148529951468232391e-02,2.148529951468232391e-02,2.148529951468232391e-02,2.148529951468232391e-02,2.148529951468232391e-02,1.061808365758896977e-02,1.061808365758896977e-02,1.061808365758896977e-02,1.061808365758896977e-02,1.061808365758896977e-02,1.061808365758896977e-02,1.061808365758896977e-02,1.061808365758896977e-02,1.061808365758896977e-02,1.061808365758896977e-02,1.061808365758896977e-02
1.511124584903027213e+01,1.511124584903027213e+01,8.729932227481082663e+00,3.537169627353117018e+00,9.073556950545142996e-01,8.453219708733540338e-01,3.969669927609160709e-01,3.969669927609160709e-01,3.969669927609160709e-01,3.969669927609160709e-01,3.969669927609160709e-01,3.969669927609160709e-01,3.969669927609160709e-01,3.969669927609160709e-01,3.969669927609160709e-01,3.969669927609160709e-01,2.622178245390666129e-01,2.622178245390666129e-01,2.622178245390666129e-01,2.622178245390666129e-01,2.622178245390666129e-01
2.380412606450262647e+00,9.812369954964779151e-01,9.812369954964779151e-01,3.475514964293834330e-01,3.475514964293834330e-01,3.475514964293834330e-01,3.475514964293834330e-01,3.475514964293834330e-01,3.475514964293834330e-01,3.475514964293834330e-01,3.475514964293834330e-01,3.475514964293834330e-01,3.475514964293834330e-01,3.475514964293834330e-01,3.475514964293834330e-01,3.475514964293834330e-01,3.475514964293834330e-01,3.475514964293834330e-01,3.475514964293834330e-01,3.055479347996976069e-01,3.055479347996976069e-01
2.708285230052538495e+01,2.708285230052538495e+01,1.117348902496864760e+01,1.931639776754300541e+00,1.931639776754300541e+00,1.931639776754300541e+00,1.931639776754300541e+00,1.804825081533608877e+00,1.804825081533608877e+00,1.804825081533608877e+00,1.804825081533608877e+00,1.804825081533608877e+00,1.804825081533608877e+00,1.656564951688454190e+00,1.186345206789252149e+00,1.030363372103829445e+00,1.030363372103829445e+00,6.180583727687176676e-01,4.124823808313586859e-01,3.657086803797518493e-01,3.657086803797518493e-01
1.251566680872103809e+01,1.251566680872103809e+01,9.477479728891943012e+00,8.232257942325020394e+00,5.353760189826557436e+00,4.491061166015912320e+00,3.175464357986102826e+00,7.675345457887614575e-01,7.675345457887614575e-01,7.675345457887614575e-01,7.675345457887614575e-01,7.675345457887614575e-01,6.325396377769086920e-01,6.325396377769086920e-01,3.159898487813386225e-01,3.159898487813386225e-01,3.159898487813386225e-01,3.159898487813386225e-01,3.159898487813386225e-01,3.159898487813386225e-01,3.159898487813386225e-01
6.561466345229590047e+00,6.561466345229590047e+00,6.561466345229590047e+00,4.481026785287614445e+00,4.473441375213773163e+00,3.741852988939832869e+00,3.741852988939832869e+00,1.698583148788400665e+00,9.775991347389751951e-01,2.380399982118632796e-01,2.380399982118632796e-01,2.380399982118632796e-01,1.154333441833222951e-01,1.154333441833222951e-01,1.154333441833222951e-01,1.154333441833222951e-01,1.154333441833222951e-01,1.154333441833222951e-01,1.154333441833222951e-01,1.154333441833222951e-01,5.635775424750159857e-02
6.877875001534549781e+00,2.719454849660862372e+00,2.719454849660862372e+00,1.840172947420194660e+00,1.840172947420194660e+00,1.840172947420194660e+00,1.840172947420194660e+00,1.209392307427304747e+00,3.810853293806680808e-01,2.649669574929572335e-01,2.649669574929572335e-01,2.649669574929572335e-01,2.649669574929572335e-01,2.649669574929572335e-01,7.184653562569834340e-02,7.184653562569834340e-02,7.184653562569834340e-02,7.184653562569834340e-02,7.184653562569834340e-02,7.184653562569834340e-02,7.184653562569834340e-02
5.986996864018441222e-01,5.986996864018441222e-01,5.986996864018441222e-01,6.777633480572409219e-02,6.777633480572409219e-02,6.777633480572409219e-02,6.777633480572409219e-02,6.777633480572409219e-02,6.777633480572409219e-02,6.777633480572409219e-02,6.777633480572409219e-02,6.777633480572409219e-02,6.777633480572409219e-02,6.777633480572409219e-02,6.777633480572409219e-02,6.777633480572409219e-02,6.777633480572409219e-02,6.777633480572409219e-02,6.777633480572409219e-02,6.777633480572409219e-02,6.777633480572409219e-02
1.709089993163834009e+01,1.530085024236266023e+01,3.128998654339429031e+00,3.128998654339429031e+00,3.128998654339429031e+00,3.128998654339429031e+00,2.429734406276838676e+00,2.429734406276838676e+00,2.429734406276838676e+00,2.429734406276838676e+00,2.429734406276838676e+00,8.080525199557824223e-01,4.834890667922459029e-01,4.834890667922459029e-01,4.547320060973859546e-01,4.547320060973859546e-01,4.547320060973859546e-01,4.547320060973859546e-01,4.547320060973859546e-01,4.547320060973859546e-01,4.547320060973859546e-01
1.270306684876325498e+01,1.270306684876325498e+01,6.813872973920258147e+00,6.813872973920258147e+00,2.169524550909757377e+00,4.947795371313978285e-01,4.947795371313978285e-01,4.947795371313978285e-01,3.706965054878245125e-01,3.706965054878245125e-01,3.706965054878245125e-01,8.449543419231109187e-02,8.449543419231109187e-02,8.449543419231109187e-02,8.449543419231109187e-02,8.449543419231109187e-02,8.449543419231109187e-02,8.449543419231109187e-02,8.449543419231109187e-02,7.404615291919473818e-02,5.561920742495710807e-02
1.344761826701116325e+00,1.344761826701116325e+00,1.344761826701116325e+00,1.204279670536674285e+00,6.802277204864073390e-01,6.802277204864073390e-01,6.802277204864073390e-01,6.802277204864073390e-01,6.802277204864073390e-01,6.802277204864073390e-01,6.802277204864073390e-01,6.802277204864073390e-01,6.621068610355378414e-01,6.621068610355378414e-01,6.621068610355378414e-01,6.621068610355378414e-01,6.621068610355378414e-01,9.549535920033570824e-02,9.549535920033570824e-02,7.078145982529326918e-02,7.078145982529326918e-02
