1.513676229946356067e+01,4.723788975410158741e+00,4.723788975410158741e+00,4.723788975410158741e+00,2.327913711838164978e+00,2.327913711838164978e+00,4.172430747924197325e-01,2.201123785693804291e-01,2.201123785693804291e-01,2.201123785693804291e-01,2.201123785693804291e-01,2.201123785693804291e-01,2.201123785693804291e-01,2.201123785693804291e-01,8.079080359823473736e-03,5.667526590590536532e-03,5.667526590590536532e-03,5.667526590590536532e-03,5.667526590590536532e-03,5.667526590590536532e-03,5.667526590590536532e-03
1.948512006289873000e+01,1.948512006289873000e+01,1.948512006289873000e+01,1.653169445836917273e+00,1.653169445836917273e+00,1.653169445836917273e+00,8.835479048704290850e-02,8.835479048704290850e-02,8.835479048704290850e-02,8.835479048704290850e-02,8.835479048704290850e-02,7.233700204650377052e-02,7.233700204650377052e-02,7.233700204650377052e-02,7.233700204650377052e-02,7.233700204650377052e-02,7.233700204650377052e-02,2.040753043278402054e-02,2.040753043278402054e-02,2.040753043278402054e-02,2.040753043278402054e-02
6.802468539619835219e+00,1.322774769968387609e+00,1.322774769968387609e+00,2.319224138527844203e-01,8.255966553489121895e-02,8.255966553489121895e-02,8.255966553489121895e-02,8.255966553489121895e-02,8.255966553489121895e-02,8.255966553489121895e-02,4.300835023163289243e-03,4.300835023163289243e-03,4.300835023163289243e-03,4.300835023163289243e-03,4.300835023163289243e-03,4.300835023163289243e-03,4.300835023163289243e-03,4.300835023163289243e-03,4.300835023163289243e-03,4.300835023163289243e-03,4.300835023163289243e-03
1.434859887684804924e+01,1.434859887684804924e+01,1.434859887684804924e+01,1.434859887684804924e+01,1.434859887684804924e+01,1.434859887684804924e+01,5.419755717071643719e-01,5.419755717071643719e-01,5.419755717071643719e-01,5.419755717071643719e-01,5.419755717071643719e-01,5.419755717071643719e-01,5.419755717071643719e-01,5.419755717071643719e-01,5.419755717071643719e-01,5.419755717071643719e-01,5.419755717071643719e-01,5.419755717071643719e-01,5.419755717071643719e-01,5.419755717071643719e-01,5.419755717071643719e-01
3.067613505143035102e+00,3.067613505143035102e+00,1.874062496372447262e+00,1.874062496372447262e+00,1.874062496372447262e+00,1.874062496372447262e+00,1.874062496372447262e+00,1.874062496372447262e+00,1.874062496372447262e+00,1.874062496372447262e+00,6.821575911718071872e-01,6.821575911718071872e-01,2.199767130995555209e-01,2.199767130995555209e-01,2.199767130995555209e-01,2.199767130995555209e-01,2.199767130995555209e-01,2.199767130995555209e-01,2.199767130995555209e-01,2.199767130995555209e-01,7.593032110267615431e-02
1.551413049639426944e+01,1.551413049639426944e+01,1.323123729698088624e+01,3.320373226091567265e+00,3.320373226091567265e+00,3.320373226091567265e+00,1.378539953323835165e+00,1.378539953323835165e+00,1.378539953323835165e+00,9.955053089335950123e-01,9.955053089335950123e-01,9.955053089335950123e-01,9.955053089335950123e-01,9.955053089335950123e-01,6.768634921381936342e-01,6.768634921381936342e-01,4.312296075565303921e-01,4.312296075565303921e-01,1.109387552907641766e-01,1.109387552907641766e-01,1.109387552907641766e-01
2.532226537349921536e+00,2.532226537349921536e+00,2.532226537349921536e+00,2.532226537349921536e+00,2.532226537349921536e+00,2.532226537349921536e+00,2.532226537349921536e+00,2.532226537349921536e+00,2.532226537349921536e+00,2.532226537349921536e+00,2.532226537349921536e+00,2.532226537349921536e+00,1.481300600572085457e+00,1.481300600572085457e+00,1.481300600572085457e+00,1.056799459010377973e+00,1.056799459010377973e+00,6.929010385937182104e-01,6.929010385937182104e-01,1.033736901440490685e-02,1.033736901440490685e-02
2.499512007542088909e+00,2.499512007542088909e+00,2.499512007542088909e+00,2.499512007542088909e+00,2.499512007542088909e+00,1.265986470721750745e+00,3.564669762240225692e-01,3.564669762240225692e-01,3.564669762240225692e-01,3.564669762240225692e-01,3.564669762240225692e-01,1.863318081177223196e-01,1.863318081177223196e-01,1.863318081177223196e-01,1.863318081177223196e-01,1.863318081177223196e-01,1.863318081177223196e-01,1.863318081177223196e-01,1.863318081177223196e-01,1.863318081177223196e-01,1.863318081177223196e-01
5.865096455221217031e-01,5.865096455221217031e-01,5.865096455221217031e-01,6.371444945411998406e-02,6.371444945411998406e-02,6.371444945411998406e-02,6.371444945411998406e-02,6.371444945411998406e-02,1.803902441232338102e-02,1.803902441232338102e-02,1.803902441232338102e-02,1.803902441232338102e-02,1.803902441232338102e-02,1.803902441232338102e-02,1.803902441232338102e-02,1.803902441232338102e-02,1.803902441232338102e-02,1.803902441232338102e-02,1.803902441232338102e-02,1.803902441232338102e-02,1.803902441232338102e-02
1.028825199428522907e+01,1.028825199428522907e+01,5.069955055838500257e+00,5.069955055838500257e+00,1.854481194782741094e+00,1.681663793107714300e+00,1.681663793107714300e+00,1.681663793107714300e+00,8.182162993246877569e-01,4.885159643528701467e-01,4.885159643528701467e-01,4.885159643528701467e-01,4.885159643528701467e-01,4.885159643528701467e-01,4.885159643528701467e-01,4.885159643528701467e-01,2.595950241058136987e-01,2.595950241058136987e-01,2.595950241058136987e-01,2.595950241058136987e-01,2.595950241058136987e-01
1.511124584903027213e+01,1.343251856538519462e+01,8.445413478727383350e+00,3.171339075531195206e+00,7.089730661969547709e-01,1.721220623469570388e-01,1.721220623469570388e-01,1.721220623469570388e-01,1.721220623469570388e-01,1.721220623469570388e-01,1.721220623469570388e-01,1.721220623469570388e-01,1.721220623469570388e-01,1.721220623469570388e-01,1.721220623469570388e-01,1.721220623469570388e-01,1.721220623469570388e-01,1.721220623469570388e-01,1.721220623469570388e-01,1.721220623469570388e-01,1.721220623469570388e-01
2.380412606450262647e+00,1.698543345579662578e+00,1.698543345579662578e+00,6.079577442244334939e-01,6.079577442244334939e-01,6.079577442244334939e-01,6.079577442244334939e-01,6.079577442244334939e-01,6.079577442244334939e-01,6.079577442244334939e-01,6.079577442244334939e-01,6.079577442244334939e-01,6.079577442244334939e-01,6.079577442244334939e-01,6.079577442244334939e-01,6.079577442244334939e-01,6.079577442244334939e-01,6.079577442244334939e-01,6.079577442244334939e-01,4.715365818004689791e-01,1.508990157688242517e-01
2.708285230052538495e+01,2.708285230052538495e+01,3.952998763849523201e+00,3.952998763849523201e+00,3.952998763849523201e+00,3.952998763849523201e+00,3.952998763849523201e+00,3.952998763849523201e+00,3.952998763849523201e+00,3.952998763849523201e+00,3.952998763849523201e+00,1.521084862574529462e+00,9.030762463142930074e-02,9.030762463142930074e-02,9.030762463142930074e-02,9.030762463142930074e-02,9.030762463142930074e-02,9.030762463142930074e-02,9.030762463142930074e-02,9.030762463142930074e-02,9.030762463142930074e-02
1.251566680872103809e+01,1.251566680872103809e+01,1.251566680872103809e+01,4.605564322068763872e+00,1.574137848443214249e+00,1.188145851787128171e+00,1.188145851787128171e+00,4.901486228205963469e-01,4.901486228205963469e-01,4.901486228205963469e-01,4.901486228205963469e-01,5.142160532224270691e-02,5.142160532224270691e-02,5.142160532224270691e-02,5.142160532224270691e-02,5.142160532224270691e-02,5.142160532224270691e-02,5.142160532224270691e-02,5.142160532224270691e-02,5.142160532224270691e-02,5.142160532224270691e-02
6.561466345229590047e+00,6.561466345229590047e+00,2.945050534748229865e+00,2.945050534748229865e+00,2.593591982225261106e+00,2.593591982225261106e+00,6.117545171863578712e-01,6.117545171863578712e-01,6.117545171863578712e-01,6.117545171863578712e-01,4.476731308049736735e-01,1.088822568213222985e-01,1.088822568213222985e-01,1.088822568213222985e-01,1.088822568213222985e-01,1.088822568213222985e-01,1.088822568213222985e-01,1.088822568213222985e-01,1.088822568213222985e-01,1.088822568213222985e-01,1.088822568213222985e-01
6.877875001534549781e+00,3.902529660870946326e+00,2.411011783737327274e+00,2.411011783737327274e+00,2.411011783737327274e+00,2.411011783737327274e+00,2.411011783737327274e+00,8.339960855511157067e-01,7.449353027937083427e-01,6.372690956493518577e-01,6.372690956493518577e-01,6.372690956493518577e-01,6.372690956493518577e-01,6.372690956493518577e-01,6.372690956493518577e-01,4.138480703188070486e-01,4.138480703188070486e-01,4.138480703188070486e-01,2.661164096007018753e-01,2.661164096007018753e-01,2.661164096007018753e-01
5.986996864018441222e-01,5.986996864018441222e-01,5.986996864018441222e-01,5.986996864018441222e-01,1.405487311830013741e-01,1.405487311830013741e-01,1.405487311830013741e-01,1.405487311830013741e-01,1.405487311830013741e-01,1.405487311830013741e-01,1.405487311830013741e-01,1.405487311830013741e-01,1.405487311830013741e-01,1.405487311830013741e-01,1.405487311830013741e-01,1.405487311830013741e-01,1.405487311830013741e-01,1.405487311830013741e-01,1.405487311830013741e-01,1.405487311830013741e-01,1.405487311830013741e-01
1.709089993163834009e+01,7.496731821181177757e+00,3.563289060343762138e+00,3.527022946240220280e-01,3.527022946240220280e-01,3.527022946240220280e-01,3.527022946240220280e-01,3.527022946240220280e-01,3.527022946240220280e-01,3.527022946240220280e-01,3.527022946240220280e-01,3.527022946240220280e-01,3.527022946240220280e-01,3.527022946240220280e-01,3.527022946240220280e-01,3.527022946240220280e-01,3.527022946240220280e-01,3.527022946240220280e-01,2.592040267645197571e-01,2.592040267645197571e-01,2.592040267645197571e-01
1.270306684876325498e+01,1.270306684876325498e+01,3.947155782148446868e+00,5.795318166698161244e-01,5.795318166698161244e-01,5.795318166698161244e-01,5.795318166698161244e-01,5.795318166698161244e-01,5.795318166698161244e-01,5.795318166698161244e-01,5.795318166698161244e-01,5.795318166698161244e-01,5.795318166698161244e-01,5.795318166698161244e-01,2.889628264953508774e-01,1.028040409852529619e-01,1.028040409852529619e-01,1.028040409852529619e-01,1.028040409852529619e-01,1.028040409852529619e-01,1.028040409852529619e-01
1.344761826701116325e+00,1.344761826701116325e+00,1.249055908926200997e+00,1.249055908926200997e+00,1.249055908926200997e+00,3.484129175010736157e-01,3.484129175010736157e-01,3.149553067190509759e-01,3.149553067190509759e-01,1.581573998299115047e-01,1.581573998299115047e-01,1.581573998299115047e-01,1.581573998299115047e-01,1.581573998299115047e-01,1.581573998299115047e-01,1.581573998299115047e-01,1.581573998299115047e-01,1.581573998299115047e-01,1.581573998299115047e-01,1.581573998299115047e-01,1.581573998299115047e-01
