3.545196855107315415e+00,3.545196855107315415e+00,3.545196855107315415e+00,3.545196855107315415e+00,8.323694898653641872e-01,8.323694898653641872e-01,8.323694898653641872e-01,4.504331813733148948e-01,4.504331813733148948e-01,4.504331813733148948e-01,4.504331813733148948e-01,4.504331813733148948e-01,4.504331813733148948e-01,4.504331813733148948e-01,4.504331813733148948e-01,4.147678885025545270e-01,4.007612170166545695e-01,3.999803459451243270e-01,3.999803459451243270e-01,3.999803459451243270e-01,3.999803459451243270e-01
9.746850357467707227e+00,6.233768391348699645e+00,2.762641623548639735e+00,2.762641623548639735e+00,2.762641623548639735e+00,2.762641623548639735e+00,9.302923552909412308e-01,9.302923552909412308e-01,9.302923552909412308e-01,9.302923552909412308e-01,9.302923552909412308e-01,9.302923552909412308e-01,9.302923552909412308e-01,9.302923552909412308e-01,4.291957234489327533e-01,4.291957234489327533e-01,4.291957234489327533e-01,4.291957234489327533e-01,4.291957234489327533e-01,4.291957234489327533e-01,4.291957234489327533e-01
7.693125871351418787e+00,7.693125871351418787e+00,7.693125871351418787e+00,3.892630409763244259e+00,3.892630409763244259e+00,3.892630409763244259e+00,2.328846971053470938e+00,2.212098347781664032e+00,2.212098347781664032e+00,2.212098347781664032e+00,1.943150296287059930e+00,1.943150296287059930e+00,1.943150296287059930e+00,1.943150296287059930e+00,1.943150296287059930e+00,1.943150296287059930e+00,1.943150296287059930e+00,1.943150296287059930e+00,4.061815269122313055e-01,4.061815269122313055e-01,4.061815269122313055e-01
5.094302375041932507e+00,5.094302375041932507e+00,5.094302375041932507e+00,8.642972621534514843e-01,8.642972621534514843e-01,8.642972621534514843e-01,8.642972621534514843e-01,8.642972621534514843e-01,6.006553300425210296e-01,6.006553300425210296e-01,6.006553300425210296e-01,6.006553300425210296e-01,6.006553300425210296e-01,6.006553300425210296e-01,6.006553300425210296e-01,6.006553300425210296e-01,6.006553300425210296e-01,6.006553300425210296e-01,6.006553300425210296e-01,6.006553300425210296e-01,6.006553300425210296e-01
8.843966319397878806e+00,8.843966319397878806e+00,4.817461759473382621e+00,4.817461759473382621e+00,4.817461759473382621e+00,2.226497745494280700e+00,7.470485750961337601e-01,7.470485750961337601e-01,7.470485750961337601e-01,7.470485750961337601e-01,7.470485750961337601e-01,7.470485750961337601e-01,7.470485750961337601e-01,7.470485750961337601e-01,7.470485750961337601e-01,7.470485750961337601e-01,7.470485750961337601e-01,7.470485750961337601e-01,7.470485750961337601e-01,5.220416586797114178e-01,4.137045205603779863e-01
6.166339592124312929e+00,1.657805398030340882e+00,1.657805398030340882e+00,1.657805398030340882e+00,1.657805398030340882e+00,1.657805398030340882e+00,1.657805398030340882e+00,1.657805398030340882e+00,1.657805398030340882e+00,1.225382724577212201e+00,1.225382724577212201e+00,8.322232478229718566e-01,8.322232478229718566e-01,8.322232478229718566e-01,8.322232478229718566e-01,8.322232478229718566e-01,8.322232478229718566e-01,8.322232478229718566e-01,8.322232478229718566e-01,8.322232478229718566e-01,8.322232478229718566e-01
1.463105973244504909e+01,1.172806105738771976e+01,6.896694012574081434e+00,6.400075234429629667e+00,2.458471714263684049e+00,2.458471714263684049e+00,6.312862488204427081e-01,6.312862488204427081e-01,6.312862488204427081e-01,6.312862488204427081e-01,6.312862488204427081e-01,6.312862488204427081e-01,6.312862488204427081e-01,5.898014093064940511e-01,5.898014093064940511e-01,5.898014093064940511e-01,5.898014093064940511e-01,5.898014093064940511e-01,4.370995178850964891e-01,4.370995178850964891e-01,4.011671787476505102e-01
2.087576548445779778e+00,2.087576548445779778e+00,1.133975860577530526e+00,1.133975860577530526e+00,4.812337396934545097e-01,4.812337396934545097e-01,4.812337396934545097e-01,4.812337396934545097e-01,4.812337396934545097e-01,4.812337396934545097e-01,4.812337396934545097e-01,4.812337396934545097e-01,4.812337396934545097e-01,4.812337396934545097e-01,4.812337396934545097e-01,4.812337396934545097e-01,4.812337396934545097e-01,4.812337396934545097e-01,4.812337396934545097e-01,4.812337396934545097e-01,4.812337396934545097e-01
1.094298286285527055e+00,1.094298286285527055e+00,1.094298286285527055e+00,1.094298286285527055e+00,1.094298286285527055e+00,4.225717138341202883e-01,4.225717138341202883e-01,4.225717138341202883e-01,4.225717138341202883e-01,4.225717138341202883e-01,4.225717138341202883e-01,4.225717138341202883e-01,4.225717138341202883e-01,4.225717138341202883e-01,4.225717138341202883e-01,4.225717138341202883e-01,4.225717138341202883e-01,4.225717138341202883e-01,4.225717138341202883e-01,4.225717138341202883e-01,4.225717138341202883e-01
1.686375184037311570e+00,1.686375184037311570e+00,1.686375184037311570e+00,1.686375184037311570e+00,1.686375184037311570e+00,1.194735910566798509e+00,1.194735910566798509e+00,1.194735910566798509e+00,1.131297923098577130e+00,1.131297923098577130e+00,1.131297923098577130e+00,1.131297923098577130e+00,1.131297923098577130e+00,1.131297923098577130e+00,1.131297923098577130e+00,1.131297923098577130e+00,1.131297923098577130e+00,1.131297923098577130e+00,7.789130309187353163e-01,7.789130309187353163e-01,4.153634138376354201e-01
5.604303918368117365e+00,5.604303918368117365e+00,1.931256715395859302e+00,1.931256715395859302e+00,1.931256715395859302e+00,1.931256715395859302e+00,1.931256715395859302e+00,1.931256715395859302e+00,1.052618937511988761e+00,1.052618937511988761e+00,1.052618937511988761e+00,1.052618937511988761e+00,1.052618937511988761e+00,1.052618937511988761e+00,1.052618937511988761e+00,4.370344584356740114e-01,4.370344584356740114e-01,4.370344584356740114e-01,4.370344584356740114e-01,4.370344584356740114e-01,4.370344584356740114e-01
5.101854702066825453e+00,5.101854702066825453e+00,5.101854702066825453e+00,5.101854702066825453e+00,2.397181208086958115e+00,1.280356128537579963e+00,1.280356128537579963e+00,1.280356128537579963e+00,1.280356128537579963e+00,1.163837263365159913e+00,1.163837263365159913e+00,1.163837263365159913e+00,1.163837263365159913e+00,4.359626962172598041e-01,4.359626962172598041e-01,4.359626962172598041e-01,4.359626962172598041e-01,4.359626962172598041e-01,4.359626962172598041e-01,4.359626962172598041e-01,4.359626962172598041e-01
2.061964464423118315e+01,1.323158304968643861e+01,1.096088903565150474e+01,1.096088903565150474e+01,7.590659524433347016e+00,2.357200030872452778e+00,2.357200030872452778e+00,1.993407349551320706e+00,1.993407349551320706e+00,1.993407349551320706e+00,1.945523967865119275e+00,1.945523967865119275e+00,1.945523967865119275e+00,7.787397205697637048e-01,7.787397205697637048e-01,7.787397205697637048e-01,7.787397205697637048e-01,7.718923491550633287e-01,7.718923491550633287e-01,7.718923491550633287e-01,7.536023262504372155e-01
8.005729131539522925e+00,8.005729131539522925e+00,8.005729131539522925e+00,6.389984443235492861e+00,5.958816682942311260e+00,2.150115223399327924e+00,2.150115223399327924e+00,2.150115223399327924e+00,1.651830340793638996e+00,1.651830340793638996e+00,1.651830340793638996e+00,5.353803479619632100e-01,5.353803479619632100e-01,5.353803479619632100e-01,5.353803479619632100e-01,5.353803479619632100e-01,5.353803479619632100e-01,5.353803479619632100e-01,5.353803479619632100e-01,5.353803479619632100e-01,5.353803479619632100e-01
1.746895377936693805e+00,1.746895377936693805e+00,1.746895377936693805e+00,1.746895377936693805e+00,1.746895377936693805e+00,1.746895377936693805e+00,1.746895377936693805e+00,5.508270427175840922e-01,5.508270427175840922e-01,5.508270427175840922e-01,5.508270427175840922e-01,5.508270427175840922e-01,5.508270427175840922e-01,5.508270427175840922e-01,5.508270427175840922e-01,5.508270427175840922e-01,5.299204499614482700e-01,5.299204499614482700e-01,5.299204499614482700e-01,5.299204499614482700e-01,5.299204499614482700e-01
4.827708080693826176e+00,4.827708080693826176e+00,4.827708080693826176e+00,7.317482174812379725e-01,7.317482174812379725e-01,7.317482174812379725e-01,7.317482174812379725e-01,7.317482174812379725e-01,7.317482174812379725e-01,7.317482174812379725e-01,7.317482174812379725e-01,7.317482174812379725e-01,7.317482174812379725e-01,7.317482174812379725e-01,7.317482174812379725e-01,7.317482174812379725e-01,7.317482174812379725e-01,4.073108439738852837e-01,4.073108439738852837e-01,4.073108439738852837e-01,4.073108439738852837e-01
3.557262108599126726e+00,3.557262108599126726e+00,2.546349204382424070e+00,2.324057964673575505e+00,1.781533391768480357e+00,1.781533391768480357e+00,5.170068545361914403e-01,5.170068545361914403e-01,5.170068545361914403e-01,5.170068545361914403e-01,5.170068545361914403e-01,5.170068545361914403e-01,5.170068545361914403e-01,5.170068545361914403e-01,5.170068545361914403e-01,5.170068545361914403e-01,5.170068545361914403e-01,5.170068545361914403e-01,5.170068545361914403e-01,5.170068545361914403e-01,5.170068545361914403e-01
4.992503075044600891e+00,4.992503075044600891e+00,4.992503075044600891e+00,4.992503075044600891e+00,2.602551559108882806e+00,2.602551559108882806e+00,2.602551559108882806e+00,2.602551559108882806e+00,1.844189908583310000e+00,1.844189908583310000e+00,1.844189908583310000e+00,1.844189908583310000e+00,1.597247720718980801e+00,1.597247720718980801e+00,4.993176009918176561e-01,4.993176009918176561e-01,4.993176009918176561e-01,4.993176009918176561e-01,4.993176009918176561e-01,4.993176009918176561e-01,4.993176009918176561e-01
4.858243836947121252e+00,4.858243836947121252e+00,3.919289811439974791e+00,3.919289811439974791e+00,3.919289811439974791e+00,1.665630122091728893e+00,1.596174195281491848e+00,1.596174195281491848e+00,1.596174195281491848e+00,5.032187381225874390e-01,5.032187381225874390e-01,5.032187381225874390e-01,5.032187381225874390e-01,5.032187381225874390e-01,5.032187381225874390e-01,5.032187381225874390e-01,5.032187381225874390e-01,5.032187381225874390e-01,5.032187381225874390e-01,5.032187381225874390e-01,5.032187381225874390e-01
1.237863797389685772e+00,1.237863797389685772e+00,9.594913865468335246e-01,9.594913865468335246e-01,9.594913865468335246e-01,4.907361102083136473e-01,4.907361102083136473e-01,4.907361102083136473e-01,4.907361102083136473e-01,4.907361102083136473e-01,4.907361102083136473e-01,4.907361102083136473e-01,4.907361102083136473e-01,4.907361102083136473e-01,4.907361102083136473e-01,4.907361102083136473e-01,4.907361102083136473e-01,4.907361102083136473e-01,4.907361102083136473e-01,4.907361102083136473e-01,4.907361102083136473e-01
