3.545196855107315415e+00,3.545196855107315415e+00,2.048537674329113933e+00,7.271023566942620420e-01,4.121500066637562298e-01,4.121500066637562298e-01,4.121500066637562298e-01,4.121500066637562298e-01,4.121500066637562298e-01,4.121500066637562298e-01,4.121500066637562298e-01,4.121500066637562298e-01,4.121500066637562298e-01,4.121500066637562298e-01,4.121500066637562298e-01,4.121500066637562298e-01,4.121500066637562298e-01,4.121500066637562298e-01,4.121500066637562298e-01,4.121500066637562298e-01,4.121500066637562298e-01
9.746850357467707227e+00,9.746850357467707227e+00,9.746850357467707227e+00,9.746850357467707227e+00,9.746850357467707227e+00,4.223646874944666507e+00,2.151758235991812818e+00,2.151758235991812818e+00,1.943204899668115715e+00,1.943204899668115715e+00,1.943204899668115715e+00,1.943204899668115715e+00,1.943204899668115715e+00,1.943204899668115715e+00,1.943204899668115715e+00,1.943204899668115715e+00,1.184479325851684806e+00,5.684228731508831345e-01,4.498716415417423065e-01,4.498716415417423065e-01,4.498716415417423065e-01
7.693125871351418787e+00,3.314773756610144062e+00,3.314773756610144062e+00,8.761106590697522734e-01,8.761106590697522734e-01,8.761106590697522734e-01,4.573179230383317417e-01,4.520908080169867560e-01,4.520908080169867560e-01,4.001459702416010344e-01,4.001459702416010344e-01,4.001459702416010344e-01,4.001459702416010344e-01,4.001459702416010344e-01,4.001459702416010344e-01,4.001459702416010344e-01,4.001459702416010344e-01,4.001459702416010344e-01,4.001459702416010344e-01,4.001459702416010344e-01,4.001459702416010344e-01
5.094302375041932507e+00,5.094302375041932507e+00,5.094302375041932507e+00,5.094302375041932507e+00,4.382423523637686280e+00,5.566747793640054454e-01,5.566747793640054454e-01,4.995153470522293304e-01,4.995153470522293304e-01,4.269884547647624373e-01,4.269884547647624373e-01,4.269884547647624373e-01,4.269884547647624373e-01,4.269884547647624373e-01,4.269884547647624373e-01,4.269884547647624373e-01,4.269884547647624373e-01,4.269884547647624373e-01,4.269884547647624373e-01,4.269884547647624373e-01,4.269884547647624373e-01
8.843966319397878806e+00,8.843966319397878806e+00,1.605021629148659201e+00,1.605021629148659201e+00,1.605021629148659201e+00,9.375228962188835169e-01,7.169443550249567920e-01,7.169443550249567920e-01,4.463360358943848638e-01,4.463360358943848638e-01,4.463360358943848638e-01,4.463360358943848638e-01,4.463360358943848638e-01,4.463360358943848638e-01,4.463360358943848638e-01,4.463360358943848638e-01,4.463360358943848638e-01,4.463360358943848638e-01,4.463360358943848638e-01,4.463360358943848638e-01,4.463360358943848638e-01
6.166339592124312929e+00,1.988797568657881598e+00,1.988797568657881598e+00,1.988797568657881598e+00,1.616593747297413231e+00,1.616593747297413231e+00,8.857980364119395489e-01,4.650542718689116839e-01,4.192691263593477657e-01,4.192691263593477657e-01,4.192691263593477657e-01,4.192691263593477657e-01,4.192691263593477657e-01,4.192691263593477657e-01,4.192691263593477657e-01,4.192691263593477657e-01,4.192691263593477657e-01,4.192691263593477657e-01,4.192691263593477657e-01,4.192691263593477657e-01,4.192691263593477657e-01
1.463105973244504909e+01,6.513457947929979674e+00,6.513457947929979674e+00,2.515381466974206504e+00,1.686648270433163788e+00,1.292506174894496596e+00,1.165717084596913367e+00,1.165717084596913367e+00,1.165717084596913367e+00,1.165717084596913367e+00,8.331801904716780172e-01,8.331801904716780172e-01,8.331801904716780172e-01,8.331801904716780172e-01,8.331801904716780172e-01,8.331801904716780172e-01,5.076462679751472251e-01,5.076462679751472251e-01,5.076462679751472251e-01,3.985726420093644862e-01,3.985726420093644862e-01
2.087576548445779778e+00,2.087576548445779778e+00,2.087576548445779778e+00,7.803366420234407741e-01,7.803366420234407741e-01,7.803366420234407741e-01,5.206551524421811905e-01,4.251255226818422273e-01,4.251255226818422273e-01,4.251255226818422273e-01,4.251255226818422273e-01,4.251255226818422273e-01,4.251255226818422273e-01,4.251255226818422273e-01,4.251255226818422273e-01,4.251255226818422273e-01,4.251255226818422273e-01,4.251255226818422273e-01,4.251255226818422273e-01,4.251255226818422273e-01,4.251255226818422273e-01
1.094298286285527055e+00,1.094298286285527055e+00,7.264164619142849944e-01,7.264164619142849944e-01,7.264164619142849944e-01,7.264164619142849944e-01,7.264164619142849944e-01,7.264164619142849944e-01,7.264164619142849944e-01,7.264164619142849944e-01,7.264164619142849944e-01,7.264164619142849944e-01,7.264164619142849944e-01,4.822386195833132660e-01,4.822386195833132660e-01,4.822386195833132660e-01,4.822386195833132660e-01,4.822386195833132660e-01,4.822386195833132660e-01,4.194588298898764833e-01,4.194588298898764833e-01
1.686375184037311570e+00,1.686375184037311570e+00,1.686375184037311570e+00,1.686375184037311570e+00,8.141536661279982212e-01,8.141536661279982212e-01,8.141536661279982212e-01,8.141536661279982212e-01,8.141536661279982212e-01,5.670322906621194647e-01,5.670322906621194647e-01,5.670322906621194647e-01,5.670322906621194647e-01,5.670322906621194647e-01,5.670322906621194647e-01,5.670322906621194647e-01,5.670322906621194647e-01,5.670322906621194647e-01,5.670322906621194647e-01,5.670322906621194647e-01,5.670322906621194647e-01
5.604303918368117365e+00,5.604303918368117365e+00,1.935104099455760007e+00,1.935104099455760007e+00,1.935104099455760007e+00,1.014799176319904461e+00,5.034633187395680665e-01,4.659032781221643660e-01,4.659032781221643660e-01,4.659032781221643660e-01,4.659032781221643660e-01,4.659032781221643660e-01,4.659032781221643660e-01,4.659032781221643660e-01,4.659032781221643660e-01,4.659032781221643660e-01,4.659032781221643660e-01,4.659032781221643660e-01,4.659032781221643660e-01,4.659032781221643660e-01,4.659032781221643660e-01
5.101854702066825453e+00,5.101854702066825453e+00,5.101854702066825453e+00,2.938498681539770452e+00,2.938498681539770452e+00,2.498862933688825727e+00,1.340205128091252362e+00,8.157199053228598729e-01,8.157199053228598729e-01,8.157199053228598729e-01,8.157199053228598729e-01,8.157199053228598729e-01,8.157199053228598729e-01,8.157199053228598729e-01,8.157199053228598729e-01,8.157199053228598729e-01,6.319875995392596479e-01,6.319875995392596479e-01,6.319875995392596479e-01,5.015920028539913034e-01,5.015920028539913034e-01
2.061964464423118315e+01,6.447566662634827139e+00,6.447566662634827139e+00,6.447566662634827139e+00,3.350342503124899451e+00,2.035993531150838365e+00,1.262936186871982613e+00,6.519937372341662041e-01,6.519937372341662041e-01,6.519937372341662041e-01,6.519937372341662041e-01,6.519937372341662041e-01,6.519937372341662041e-01,6.519937372341662041e-01,6.519937372341662041e-01,5.221609489518623803e-01,5.221609489518623803e-01,5.221609489518623803e-01,5.221609489518623803e-01,4.598717995212915355e-01,4.598717995212915355e-01
8.005729131539522925e+00,8.005729131539522925e+00,5.930552908564362902e+00,3.957784062477973208e+00,6.826659054515928915e-01,6.826659054515928915e-01,5.129845832033819164e-01,5.129845832033819164e-01,4.331808695483161387e-01,4.331808695483161387e-01,4.331808695483161387e-01,4.331808695483161387e-01,4.331808695483161387e-01,4.331808695483161387e-01,4.331808695483161387e-01,4.331808695483161387e-01,4.331808695483161387e-01,4.331808695483161387e-01,4.331808695483161387e-01,4.035628629328051886e-01,4.035628629328051886e-01
1.746895377936693805e+00,1.746895377936693805e+00,9.120880286619907906e-01,9.120880286619907906e-01,9.120880286619907906e-01,4.238768077459109662e-01,4.238768077459109662e-01,4.238768077459109662e-01,4.238768077459109662e-01,4.238768077459109662e-01,4.238768077459109662e-01,4.238768077459109662e-01,4.238768077459109662e-01,4.238768077459109662e-01,4.238768077459109662e-01,4.238768077459109662e-01,4.238768077459109662e-01,4.238768077459109662e-01,4.238768077459109662e-01,4.109577488065916384e-01,4.109577488065916384e-01
4.827708080693826176e+00,4.827708080693826176e+00,4.827708080693826176e+00,1.771170264486325863e+00,7.991720735522278574e-01,7.991720735522278574e-01,6.268231892356279644e-01,6.268231892356279644e-01,6.268231892356279644e-01,6.268231892356279644e-01,6.268231892356279644e-01,4.537834313953919008e-01,4.537834313953919008e-01,4.537834313953919008e-01,4.040541622970881264e-01,4.040541622970881264e-01,4.040541622970881264e-01,4.040541622970881264e-01,4.040541622970881264e-01,4.040541622970881264e-01,4.040541622970881264e-01
3.557262108599126726e+00,3.557262108599126726e+00,3.557262108599126726e+00,2.364955659297253376e+00,7.933874393890505416e-01,6.019553905315451203e-01,4.399979097209314460e-01,4.202490221392007896e-01,4.202490221392007896e-01,4.202490221392007896e-01,4.202490221392007896e-01,4.202490221392007896e-01,4.202490221392007896e-01,4.202490221392007896e-01,4.202490221392007896e-01,4.202490221392007896e-01,4.202490221392007896e-01,4.202490221392007896e-01,4.202490221392007896e-01,4.202490221392007896e-01,4.202490221392007896e-01
4.992503075044600891e+00,4.992503075044600891e+00,3.598059286749402119e+00,3.598059286749402119e+00,2.967488764998173600e+00,1.772066251372937273e+00,1.426725813673749954e+00,1.169060467927648617e+00,7.920423215392435878e-01,7.920423215392435878e-01,4.013370039010624168e-01,4.013370039010624168e-01,4.013370039010624168e-01,4.013370039010624168e-01,4.013370039010624168e-01,4.013370039010624168e-01,4.013370039010624168e-01,4.013370039010624168e-01,4.013370039010624168e-01,4.013370039010624168e-01,4.013370039010624168e-01
4.858243836947121252e+00,1.712621690976765976e+00,1.712621690976765976e+00,1.712621690976765976e+00,8.998917752560871008e-01,8.998917752560871008e-01,8.998917752560871008e-01,8.998917752560871008e-01,8.998917752560871008e-01,7.306789387697332216e-01,6.068777146023442981e-01,4.429111356452910542e-01,4.429111356452910542e-01,4.429111356452910542e-01,4.429111356452910542e-01,4.429111356452910542e-01,4.429111356452910542e-01,4.429111356452910542e-01,4.429111356452910542e-01,4.429111356452910542e-01,4.429111356452910542e-01
1.237863797389685772e+00,1.237863797389685772e+00,1.237863797389685772e+00,1.237863797389685772e+00,1.237863797389685772e+00,1.237863797389685772e+00,7.353443729048443345e-01,4.539428040992490310e-01,4.539428040992490310e-01,4.539428040992490310e-01,4.539428040992490310e-01,4.539428040992490310e-01,4.539428040992490310e-01,4.539428040992490310e-01,4.539428040992490310e-01,4.539428040992490310e-01,4.539428040992490310e-01,4.539428040992490310e-01,4.539428040992490310e-01,4.539428040992490310e-01,4.539428040992490310e-01
