1.123739488349553728e+00,1.740075647980482698e-01,1.740075647980482698e-01,5.346819205027626004e-02,5.346819205027626004e-02,5.346819205027626004e-02,5.346819205027626004e-02,5.346819205027626004e-02,5.346819205027626004e-02,5.346819205027626004e-02,5.346819205027626004e-02,5.346819205027626004e-02,5.346819205027626004e-02,5.346819205027626004e-02,5.346819205027626004e-02,2.993076050684381068e-02,2.993076050684381068e-02,2.993076050684381068e-02,2.993076050684381068e-02,2.993076050684381068e-02,2.993076050684381068e-02
9.786224436999179099e-01,9.786224436999179099e-01,9.786224436999179099e-01,9.786224436999179099e-01,9.786224436999179099e-01,2.542922076510958918e-01,2.542922076510958918e-01,2.312359373078837488e-01,2.312359373078837488e-01,2.312359373078837488e-01,4.252771575322972231e-02,4.252771575322972231e-02,9.235432237309125492e-03,9.235432237309125492e-03,9.235432237309125492e-03,9.235432237309125492e-03,9.235432237309125492e-03,9.235432237309125492e-03,9.235432237309125492e-03,9.235432237309125492e-03,9.235432237309125492e-03
2.554335564066173792e+00,1.983687894710192356e+00,1.902487615151212230e+00,1.902487615151212230e+00,1.661157858354806338e+00,1.661157858354806338e+00,1.661157858354806338e+00,1.661157858354806338e+00,1.661157858354806338e+00,1.499816330939558684e+00,1.499816330939558684e+00,1.199152185867419229e+00,1.199152185867419229e+00,1.199152185867419229e+00,1.194885306674971170e+00,1.168552345680992088e+00,1.168552345680992088e+00,5.396452387367667303e-01,5.396452387367667303e-01,2.691488848743660567e-01,2.691488848743660567e-01
3.034723081567749059e+00,3.034723081567749059e+00,1.371349872944207071e+00,3.961514857788783761e-01,3.961514857788783761e-01,3.961514857788783761e-01,3.961514857788783761e-01,6.278430602446586316e-03,6.278430602446586316e-03,6.278430602446586316e-03,6.278430602446586316e-03,6.278430602446586316e-03,6.278430602446586316e-03,6.278430602446586316e-03,6.278430602446586316e-03,6.278430602446586316e-03,6.278430602446586316e-03,6.278430602446586316e-03,6.278430602446586316e-03,6.278430602446586316e-03,5.646582408370946250e-03
2.265903093837675353e-01,2.265903093837675353e-01,2.265903093837675353e-01,2.265903093837675353e-01,1.341736752345046857e-01,1.341736752345046857e-01,1.341736752345046857e-01,1.341736752345046857e-01,8.714032657120514280e-02,8.714032657120514280e-02,8.714032657120514280e-02,8.714032657120514280e-02,8.714032657120514280e-02,8.714032657120514280e-02,8.714032657120514280e-02,8.714032657120514280e-02,8.714032657120514280e-02,8.714032657120514280e-02,8.714032657120514280e-02,8.714032657120514280e-02,8.714032657120514280e-02
1.976889765619293193e+00,6.656842919688815696e-01,4.022667528132212178e-02,4.022667528132212178e-02,4.022667528132212178e-02,4.022667528132212178e-02,4.022667528132212178e-02,4.022667528132212178e-02,3.336352323799141907e-03,3.336352323799141907e-03,3.336352323799141907e-03,3.336352323799141907e-03,3.336352323799141907e-03,3.336352323799141907e-03,3.336352323799141907e-03,3.336352323799141907e-03,3.336352323799141907e-03,3.336352323799141907e-03,3.336352323799141907e-03,3.336352323799141907e-03,3.336352323799141907e-03
3.289367688119603228e-01,3.289367688119603228e-01,2.395107741716310801e-01,1.517072195656114092e-02,1.517072195656114092e-02,1.517072195656114092e-02,1.517072195656114092e-02,1.517072195656114092e-02,1.517072195656114092e-02,1.517072195656114092e-02,1.517072195656114092e-02,1.517072195656114092e-02,1.517072195656114092e-02,1.517072195656114092e-02,1.517072195656114092e-02,1.517072195656114092e-02,1.517072195656114092e-02,1.517072195656114092e-02,1.517072195656114092e-02,1.517072195656114092e-02,1.517072195656114092e-02
9.330308313106012996e-02,9.330308313106012996e-02,9.330308313106012996e-02,1.352308077282389324e-02,1.352308077282389324e-02,1.352308077282389324e-02,1.352308077282389324e-02,1.352308077282389324e-02,1.352308077282389324e-02,1.352308077282389324e-02,1.352308077282389324e-02,1.352308077282389324e-02,1.352308077282389324e-02,1.352308077282389324e-02,1.352308077282389324e-02,1.352308077282389324e-02,1.352308077282389324e-02,1.352308077282389324e-02,1.352308077282389324e-02,1.352308077282389324e-02,1.352308077282389324e-02
6.848501770639441322e-01,9.268499130005328213e-02,9.268499130005328213e-02,9.268499130005328213e-02,9.268499130005328213e-02,9.268499130005328213e-02,9.268499130005328213e-02,9.268499130005328213e-02,9.268499130005328213e-02,9.268499130005328213e-02,9.268499130005328213e-02,9.268499130005328213e-02,9.268499130005328213e-02,9.268499130005328213e-02,9.268499130005328213e-02,9.268499130005328213e-02,9.268499130005328213e-02,9.268499130005328213e-02,9.268499130005328213e-02,9.268499130005328213e-02,9.268499130005328213e-02
1.988956638714424852e+00,1.277655326930160928e+00,9.815361127090589666e-02,9.815361127090589666e-02,9.815361127090589666e-02,9.815361127090589666e-02,4.571070612715988184e-03,4.571070612715988184e-03,4.571070612715988184e-03,4.571070612715988184e-03,4.571070612715988184e-03,4.571070612715988184e-03,4.571070612715988184e-03,4.571070612715988184e-03,4.571070612715988184e-03,4.571070612715988184e-03,4.571070612715988184e-03,4.571070612715988184e-03,4.571070612715988184e-03,4.571070612715988184e-03,4.571070612715988184e-03
7.547893886269124719e-01,1.742628118459886855e-01,1.742628118459886855e-01,1.742628118459886855e-01,1.742628118459886855e-01,1.742628118459886855e-01,1.742628118459886855e-01,1.742628118459886855e-01,1.742628118459886855e-01,1.742628118459886855e-01,1.742628118459886855e-01,1.742628118459886855e-01,1.286986915977407775e-01,1.286986915977407775e-01,1.286986915977407775e-01,1.286986915977407775e-01,1.286986915977407775e-01,1.286986915977407775e-01,1.286986915977407775e-01,1.286986915977407775e-01,1.286986915977407775e-01
2.933664014658089236e+00,2.933664014658089236e+00,1.179754789647056157e+00,1.179754789647056157e+00,1.179754789647056157e+00,2.486859298071485980e-01,2.486859298071485980e-01,2.486859298071485980e-01,2.486859298071485980e-01,1.416869761281673579e-01,1.416869761281673579e-01,1.416869761281673579e-01,1.416869761281673579e-01,1.416869761281673579e-01,4.005604705724224307e-02,4.005604705724224307e-02,4.005604705724224307e-02,3.420323124787413328e-03,3.420323124787413328e-03,3.420323124787413328e-03,3.420323124787413328e-03
4.581211569774430004e+00,4.581211569774430004e+00,2.047427927241585177e+00,7.960143866948038438e-01,6.354642076254414518e-02,6.354642076254414518e-02,6.354642076254414518e-02,6.354642076254414518e-02,6.354642076254414518e-02,6.354642076254414518e-02,6.354642076254414518e-02,6.354642076254414518e-02,6.354642076254414518e-02,6.354642076254414518e-02,6.354642076254414518e-02,6.354642076254414518e-02,3.622836823961718238e-03,3.622836823961718238e-03,3.622836823961718238e-03,3.622836823961718238e-03,3.622836823961718238e-03
3.254693706722271429e-01,1.329794720365858052e-01,1.329794720365858052e-01,1.329794720365858052e-01,1.329794720365858052e-01,1.329794720365858052e-01,5.786199622929676795e-02,5.786199622929676795e-02,5.786199622929676795e-02,5.786199622929676795e-02,5.786199622929676795e-02,5.786199622929676795e-02,5.786199622929676795e-02,5.786199622929676795e-02,5.786199622929676795e-02,5.786199622929676795e-02,5.786199622929676795e-02,5.786199622929676795e-02,5.786199622929676795e-02,5.786199622929676795e-02,5.786199622929676795e-02
1.663240601856732503e+00,2.924257966643527551e-01,2.924257966643527551e-01,1.971024018270854938e-01,1.305319743332176707e-01,1.305319743332176707e-01,1.295192054281364968e-01,1.295192054281364968e-01,1.295192054281364968e-01,1.295192054281364968e-01,7.567959907093843586e-02,4.685093393480709717e-02,4.685093393480709717e-02,4.685093393480709717e-02,8.153146211467858853e-03,8.153146211467858853e-03,8.153146211467858853e-03,8.153146211467858853e-03,8.153146211467858853e-03,3.929109592996670071e-03,3.929109592996670071e-03
1.138655027989607493e+00,1.010440093725742672e-01,1.010440093725742672e-01,1.010440093725742672e-01,1.010440093725742672e-01,1.583020543835909205e-02,1.583020543835909205e-02,1.583020543835909205e-02,1.583020543835909205e-02,1.583020543835909205e-02,1.583020543835909205e-02,1.583020543835909205e-02,1.583020543835909205e-02,1.583020543835909205e-02,1.583020543835909205e-02,1.583020543835909205e-02,1.583020543835909205e-02,1.583020543835909205e-02,1.583020543835909205e-02,1.583020543835909205e-02,1.583020543835909205e-02
4.052952084998064031e+00,4.052952084998064031e+00,4.052952084998064031e+00,4.052952084998064031e+00,4.052952084998064031e+00,3.376186536631696100e+00,3.376186536631696100e+00,3.376186536631696100e+00,3.376186536631696100e+00,3.376186536631696100e+00,3.376186536631696100e+00,3.376186536631696100e+00,3.376186536631696100e+00,3.376186536631696100e+00,3.376186536631696100e+00,3.376186536631696100e+00,3.376186536631696100e+00,2.018395043063481165e+00,1.670120649205841801e+00,1.670120649205841801e+00,1.138360247059741592e+00
4.524335751541498363e-01,4.524335751541498363e-01,4.524335751541498363e-01,4.524335751541498363e-01,2.406931818540559154e-01,2.406931818540559154e-01,2.406931818540559154e-01,2.406931818540559154e-01,2.406931818540559154e-01,2.406931818540559154e-01,2.406931818540559154e-01,2.406931818540559154e-01,2.406931818540559154e-01,6.767067161422588017e-02,6.767067161422588017e-02,6.767067161422588017e-02,6.767067161422588017e-02,6.767067161422588017e-02,6.767067161422588017e-02,6.767067161422588017e-02,6.767067161422588017e-02
3.768497050691910766e-01,3.768497050691910766e-01,3.768497050691910766e-01,3.768497050691910766e-01,3.768497050691910766e-01,3.768497050691910766e-01,5.465943026283274359e-02,5.465943026283274359e-02,5.465943026283274359e-02,5.465943026283274359e-02,5.465943026283274359e-02,7.695828877158578454e-03,7.695828877158578454e-03,7.695828877158578454e-03,7.695828877158578454e-03,7.695828877158578454e-03,7.695828877158578454e-03,7.695828877158578454e-03,7.695828877158578454e-03,7.695828877158578454e-03,7.695828877158578454e-03
4.016495471915926707e+00,4.016495471915926707e+00,4.016495471915926707e+00,4.016495471915926707e+00,4.016495471915926707e+00,4.016495471915926707e+00,3.228758040056064260e+00,2.548472216521225242e+00,2.548472216521225242e+00,2.426356348642308980e+00,2.426356348642308980e+00,2.426356348642308980e+00,2.426356348642308980e+00,2.426356348642308980e+00,2.240871180597001633e+00,1.643361552714817986e+00,1.643361552714817986e+00,1.169555413005435529e+00,1.169555413005435529e+00,1.160867794661147423e+00,1.160867794661147423e+00
