1.123739488349553728e+00,4.864580224569842182e-01,4.864580224569842182e-01,3.116772710522494050e-01,3.116772710522494050e-01,3.116772710522494050e-01,1.903619746143637992e-02,1.903619746143637992e-02,1.903619746143637992e-02,1.903619746143637992e-02,1.903619746143637992e-02,1.903619746143637992e-02,1.903619746143637992e-02,1.903619746143637992e-02,1.903619746143637992e-02,1.903619746143637992e-02,1.033808277909136972e-02,1.033808277909136972e-02,1.033808277909136972e-02,1.033808277909136972e-02,1.033808277909136972e-02
9.786224436999179099e-01,9.786224436999179099e-01,9.786224436999179099e-01,9.786224436999179099e-01,9.786224436999179099e-01,9.694652865929527519e-02,9.694652865929527519e-02,9.694652865929527519e-02,9.694652865929527519e-02,9.694652865929527519e-02,9.694652865929527519e-02,9.694652865929527519e-02,9.694652865929527519e-02,9.694652865929527519e-02,9.694652865929527519e-02,1.819431363278483510e-02,1.819431363278483510e-02,1.819431363278483510e-02,1.819431363278483510e-02,1.819431363278483510e-02,1.819431363278483510e-02
2.554335564066173792e+00,2.051045941192116029e+00,1.462561307442292513e+00,1.462561307442292513e+00,1.462561307442292513e+00,1.462561307442292513e+00,1.027648688368193231e+00,5.989303144482256425e-01,5.989303144482256425e-01,3.113249353560685329e-01,5.867410940646315687e-02,5.867410940646315687e-02,5.867410940646315687e-02,5.867410940646315687e-02,5.867410940646315687e-02,5.867410940646315687e-02,5.867410940646315687e-02,5.867410940646315687e-02,5.867410940646315687e-02,5.867410940646315687e-02,5.867410940646315687e-02
3.034723081567749059e+00,3.034723081567749059e+00,1.354909284550058990e+00,8.344615691352942344e-01,1.474992533854697085e-01,5.505143537525816061e-02,5.505143537525816061e-02,5.505143537525816061e-02,1.973886253502359078e-02,1.973886253502359078e-02,1.973886253502359078e-02,1.973886253502359078e-02,1.973886253502359078e-02,1.973886253502359078e-02,1.973886253502359078e-02,1.973886253502359078e-02,1.973886253502359078e-02,1.973886253502359078e-02,1.973886253502359078e-02,1.973886253502359078e-02,1.973886253502359078e-02
2.265903093837675353e-01,1.947522718637533790e-01,1.947522718637533790e-01,1.947522718637533790e-01,1.947522718637533790e-01,1.947522718637533790e-01,1.947522718637533790e-01,1.947522718637533790e-01,1.947522718637533790e-01,1.947522718637533790e-01,1.947522718637533790e-01,1.947522718637533790e-01,1.947522718637533790e-01,1.947522718637533790e-01,1.947522718637533790e-01,1.947522718637533790e-01,1.947522718637533790e-01,1.947522718637533790e-01,1.947522718637533790e-01,1.947522718637533790e-01,1.947522718637533790e-01
1.976889765619293193e+00,1.976889765619293193e+00,3.346205378761785698e-01,3.346205378761785698e-01,3.346205378761785698e-01,3.346205378761785698e-01,2.149400542892496713e-01,2.149400542892496713e-01,2.149400542892496713e-01,1.618152550967662251e-01,1.618152550967662251e-01,1.618152550967662251e-01,1.618152550967662251e-01,1.618152550967662251e-01,1.318070964055545816e-02,8.647487729901908587e-03,8.647487729901908587e-03,8.647487729901908587e-03,8.647487729901908587e-03,8.647487729901908587e-03,8.647487729901908587e-03
3.289367688119603228e-01,2.785557157349239921e-01,2.785557157349239921e-01,2.785557157349239921e-01,2.785557157349239921e-01,2.785557157349239921e-01,2.785557157349239921e-01,2.785557157349239921e-01,2.785557157349239921e-01,2.785557157349239921e-01,2.785557157349239921e-01,2.785557157349239921e-01,2.785557157349239921e-01,2.785557157349239921e-01,1.830112139252699777e-01,1.830112139252699777e-01,1.830112139252699777e-01,1.830112139252699777e-01,5.791224268164781031e-02,2.021926645307265194e-02,2.021926645307265194e-02
9.330308313106012996e-02,9.330308313106012996e-02,9.330308313106012996e-02,9.330308313106012996e-02,1.913737388714744497e-02,1.913737388714744497e-02,1.913737388714744497e-02,1.913737388714744497e-02,1.913737388714744497e-02,1.913737388714744497e-02,1.913737388714744497e-02,1.913737388714744497e-02,1.913737388714744497e-02,1.913737388714744497e-02,1.913737388714744497e-02,1.905217747337122763e-02,1.905217747337122763e-02,1.905217747337122763e-02,1.905217747337122763e-02,1.905217747337122763e-02,1.905217747337122763e-02
6.848501770639441322e-01,2.001409160016199840e-01,2.001409160016199840e-01,2.001409160016199840e-01,2.001409160016199840e-01,2.001409160016199840e-01,2.001409160016199840e-01,9.299742289477748447e-02,5.439580193613877124e-02,5.439580193613877124e-02,5.439580193613877124e-02,5.439580193613877124e-02,5.439580193613877124e-02,5.439580193613877124e-02,5.439580193613877124e-02,5.439580193613877124e-02,2.766862067442556888e-02,2.766862067442556888e-02,2.766862067442556888e-02,2.766862067442556888e-02,2.766862067442556888e-02
1.988956638714424852e+00,1.526037894328336808e+00,9.201275111373288795e-02,6.938639752141556420e-03,6.938639752141556420e-03,6.938639752141556420e-03,6.938639752141556420e-03,6.938639752141556420e-03,6.938639752141556420e-03,6.938639752141556420e-03,6.938639752141556420e-03,1.497704453491145336e-03,1.497704453491145336e-03,1.497704453491145336e-03,1.497704453491145336e-03,1.497704453491145336e-03,1.497704453491145336e-03,1.497704453491145336e-03,1.497704453491145336e-03,1.497704453491145336e-03,1.497704453491145336e-03
7.547893886269124719e-01,2.333368260941969807e-01,2.333368260941969807e-01,2.333368260941969807e-01,2.333368260941969807e-01,2.333368260941969807e-01,2.333368260941969807e-01,2.333368260941969807e-01,2.333368260941969807e-01,2.333368260941969807e-01,2.164311060306956802e-01,2.164311060306956802e-01,1.236696228216335736e-01,1.236696228216335736e-01,1.236696228216335736e-01,1.236696228216335736e-01,1.236696228216335736e-01,1.236696228216335736e-01,1.236696228216335736e-01,1.236696228216335736e-01,1.236696228216335736e-01
2.933664014658089236e+00,2.933664014658089236e+00,9.719650846342926531e-01,3.126731301197176460e-01,3.126731301197176460e-01,3.126731301197176460e-01,2.680775962340407048e-01,2.095162406731257976e-01,2.095162406731257976e-01,2.095162406731257976e-01,2.095162406731257976e-01,2.095162406731257976e-01,2.095162406731257976e-01,2.095162406731257976e-01,2.095162406731257976e-01,2.095162406731257976e-01,2.095162406731257976e-01,2.095162406731257976e-01,2.095162406731257976e-01,2.095162406731257976e-01,2.095162406731257976e-01
4.581211569774430004e+00,4.581211569774430004e+00,4.581211569774430004e+00,4.581211569774430004e+00,1.183299305780783683e+00,1.183299305780783683e+00,1.183299305780783683e+00,1.165492823096181851e+00,9.833737318738019484e-01,9.833737318738019484e-01,9.833737318738019484e-01,9.833737318738019484e-01,9.833737318738019484e-01,9.833737318738019484e-01,9.833737318738019484e-01,9.833737318738019484e-01,9.833737318738019484e-01,1.009949777898361822e-01,1.009949777898361822e-01,2.052993093943046576e-02,2.052993093943046576e-02
3.254693706722271429e-01,1.234692038989939900e-01,1.234692038989939900e-01,1.234692038989939900e-01,1.234692038989939900e-01,1.021471257075040606e-01,1.021471257075040606e-01,1.021471257075040606e-01,1.021471257075040606e-01,1.021471257075040606e-01,1.021471257075040606e-01,1.021471257075040606e-01,1.021471257075040606e-01,1.021471257075040606e-01,1.021471257075040606e-01,1.021471257075040606e-01,1.021471257075040606e-01,1.021471257075040606e-01,4.006387267694452164e-02,3.088300946031006730e-02,3.088300946031006730e-02
1.663240601856732503e+00,2.353192196962766158e-01,2.353192196962766158e-01,2.353192196962766158e-01,2.353192196962766158e-01,2.353192196962766158e-01,2.181572309058393278e-01,2.181572309058393278e-01,2.181572309058393278e-01,2.181572309058393278e-01,2.181572309058393278e-01,2.181572309058393278e-01,2.181572309058393278e-01,2.181572309058393278e-01,2.181572309058393278e-01,2.181572309058393278e-01,2.181572309058393278e-01,2.181572309058393278e-01,2.181572309058393278e-01,2.181572309058393278e-01,2.181572309058393278e-01
1.138655027989607493e+00,5.215234394663637030e-01,2.229937398315535446e-01,2.229937398315535446e-01,6.967634884694528033e-03,6.967634884694528033e-03,6.967634884694528033e-03,6.967634884694528033e-03,6.967634884694528033e-03,6.967634884694528033e-03,6.967634884694528033e-03,6.967634884694528033e-03,6.967634884694528033e-03,6.967634884694528033e-03,6.967634884694528033e-03,6.967634884694528033e-03,6.967634884694528033e-03,6.967634884694528033e-03,6.967634884694528033e-03,6.967634884694528033e-03,6.967634884694528033e-03
4.052952084998064031e+00,3.978733776115249032e+00,3.978733776115249032e+00,3.978733776115249032e+00,3.978733776115249032e+00,3.480570362874538137e+00,3.480570362874538137e+00,3.480570362874538137e+00,3.480570362874538137e+00,3.480570362874538137e+00,3.480570362874538137e+00,3.480570362874538137e+00,2.593124054366765296e+00,2.593124054366765296e+00,2.593124054366765296e+00,2.593124054366765296e+00,2.593124054366765296e+00,2.593124054366765296e+00,2.593124054366765296e+00,2.443993044841628048e+00,2.443993044841628048e+00
4.524335751541498363e-01,4.524335751541498363e-01,4.524335751541498363e-01,2.369407853322257063e-01,3.480702822880317460e-02,3.480702822880317460e-02,3.480702822880317460e-02,3.480702822880317460e-02,3.480702822880317460e-02,3.480702822880317460e-02,3.480702822880317460e-02,3.480702822880317460e-02,3.480702822880317460e-02,3.480702822880317460e-02,1.970989396699782212e-03,1.970989396699782212e-03,1.970989396699782212e-03,1.970989396699782212e-03,1.970989396699782212e-03,1.970989396699782212e-03,1.970989396699782212e-03
3.768497050691910766e-01,3.768497050691910766e-01,3.545837434313837688e-01,3.545837434313837688e-01,2.332634961304545507e-01,2.332634961304545507e-01,2.332634961304545507e-01,2.332634961304545507e-01,2.332634961304545507e-01,2.332634961304545507e-01,2.332634961304545507e-01,3.206687986271534313e-02,3.206687986271534313e-02,2.523369706586004249e-03,2.523369706586004249e-03,2.523369706586004249e-03,2.523369706586004249e-03,2.523369706586004249e-03,2.523369706586004249e-03,2.523369706586004249e-03,2.523369706586004249e-03
4.016495471915926707e+00,4.016495471915926707e+00,3.621438032867942081e+00,3.621438032867942081e+00,3.405700338804916960e+00,3.405700338804916960e+00,2.794618826577766946e+00,2.299618351260178439e+00,2.299618351260178439e+00,2.299618351260178439e+00,2.299618351260178439e+00,2.299618351260178439e+00,2.299618351260178439e+00,1.319215157581618003e+00,7.883621196515310237e-01,7.883621196515310237e-01,2.558852819995993677e-01,2.276512089752258938e-01,2.276512089752258938e-01,2.276512089752258938e-01,3.264670659033888644e-02
