1.335980535191414198e+01,1.335980535191414198e+01,1.031588938488130935e+01,1.031588938488130935e+01,9.856461503608889174e+00,8.866674898337187471e+00,8.866674898337187471e+00,8.866674898337187471e+00,8.866674898337187471e+00,8.866674898337187471e+00,8.866674898337187471e+00,8.866674898337187471e+00,6.568014177636317896e+00,6.462268613718403998e+00,4.719599372297700768e+00,4.105743031365701512e+00,4.105743031365701512e+00,4.105743031365701512e+00,4.105743031365701512e+00,5.021528350931387941e-01,5.021528350931387941e-01
1.934966420732536463e+01,1.934966420732536463e+01,1.934966420732536463e+01,1.392045266892547595e+01,1.116503769388423883e+01,1.061545939634332214e+01,8.201878451780737933e+00,6.338460174130602809e+00,4.853264784738744453e+00,4.853264784738744453e+00,4.853264784738744453e+00,3.105614993102655763e+00,3.105614993102655763e+00,3.572175495779150722e-02,3.572175495779150722e-02,3.572175495779150722e-02,3.572175495779150722e-02,3.572175495779150722e-02,3.572175495779150722e-02,3.572175495779150722e-02,3.572175495779150722e-02
1.860753454018246700e+01,1.837184196034250050e+01,1.727462906324720038e+01,1.727462906324720038e+01,1.648453364048937786e+01,1.380837076656092144e+01,1.202954246282414275e+01,9.718970043168848605e+00,9.718970043168848605e+00,9.718970043168848605e+00,9.366325302105467543e+00,9.366325302105467543e+00,9.366325302105467543e+00,9.366325302105467543e+00,9.366325302105467543e+00,9.366325302105467543e+00,9.366325302105467543e+00,9.366325302105467543e+00,9.366325302105467543e+00,9.366325302105467543e+00,9.366325302105467543e+00
1.969026045083420229e+01,1.418986969922724128e+01,1.418986969922724128e+01,1.330309902547928580e+01,1.140368016433268750e+01,8.533138158441541776e+00,8.296968619323859429e+00,8.296968619323859429e+00,8.296968619323859429e+00,8.296968619323859429e+00,8.296968619323859429e+00,8.296968619323859429e+00,7.473983093704362091e+00,7.473983093704362091e+00,7.431884201183528660e+00,7.431884201183528660e+00,7.431884201183528660e+00,7.431884201183528660e+00,7.431884201183528660e+00,7.431884201183528660e+00,7.431884201183528660e+00
1.389803335773068405e+01,1.389803335773068405e+01,1.389803335773068405e+01,1.389803335773068405e+01,1.389803335773068405e+01,1.389803335773068405e+01,1.389803335773068405e+01,1.389803335773068405e+01,1.299520096101489308e+01,1.100641160473584534e+01,1.100641160473584534e+01,1.100641160473584534e+01,1.100641160473584534e+01,1.003504725173061196e+01,8.487424104421467774e+00,8.487424104421467774e+00,8.487424104421467774e+00,8.487424104421467774e+00,8.487424104421467774e+00,8.487424104421467774e+00,8.487424104421467774e+00
1.717578889301929479e+01,1.717578889301929479e+01,1.605641258200743948e+01,1.565958562107469021e+01,1.508502123670510464e+01,1.508502123670510464e+01,1.508502123670510464e+01,1.508502123670510464e+01,1.508502123670510464e+01,1.358306312909295421e+01,1.358306312909295421e+01,1.358306312909295421e+01,1.330983038960810205e+01,1.232435776778021719e+01,1.232435776778021719e+01,1.232435776778021719e+01,1.137438924839420906e+01,1.121085292557275892e+01,9.922071726219844123e+00,9.922071726219844123e+00,9.922071726219844123e+00
5.996323157585933927e+00,5.996323157585933927e+00,5.996323157585933927e+00,4.317788117900114742e+00,4.317788117900114742e+00,3.535569532912721247e+00,3.535569532912721247e+00,3.535569532912721247e+00,3.535569532912721247e+00,3.535569532912721247e+00,3.535569532912721247e+00,3.535569532912721247e+00,3.535569532912721247e+00,3.535569532912721247e+00,3.535569532912721247e+00,3.535569532912721247e+00,3.535569532912721247e+00,3.535569532912721247e+00,3.535569532912721247e+00,3.535569532912721247e+00,3.535569532912721247e+00
1.178524934950949010e+01,7.748714370137467000e+00,7.748714370137467000e+00,4.494501331513276909e+00,3.766464992836422443e+00,3.707986579450477382e+00,3.707986579450477382e+00,3.707986579450477382e+00,3.707986579450477382e+00,3.707986579450477382e+00,3.707986579450477382e+00,2.427948266807228084e+00,2.427948266807228084e+00,2.427948266807228084e+00,2.427948266807228084e+00,2.427948266807228084e+00,2.427948266807228084e+00,2.427948266807228084e+00,2.427948266807228084e+00,2.427948266807228084e+00,2.427948266807228084e+00
1.224061107890602962e+01,1.224061107890602962e+01,1.224061107890602962e+01,1.224061107890602962e+01,1.224061107890602962e+01,1.224061107890602962e+01,1.224061107890602962e+01,1.224061107890602962e+01,1.224061107890602962e+01,1.224061107890602962e+01,1.224061107890602962e+01,1.016104737808631242e+01,8.799083708402319459e+00,8.799083708402319459e+00,8.799083708402319459e+00,8.523465881941929112e+00,8.523465881941929112e+00,8.523465881941929112e+00,8.523465881941929112e+00,8.523465881941929112e+00,8.523465881941929112e+00
1.829104482398282983e+01,1.118393765597699385e+01,8.583846051735980254e+00,8.583846051735980254e+00,8.258796451829702789e+00,8.258796451829702789e+00,4.371469203228389944e+00,4.371469203228389944e+00,3.589616542424945766e+00,1.724540583377742742e-01,1.724540583377742742e-01,1.724540583377742742e-01,1.724540583377742742e-01,1.724540583377742742e-01,1.724540583377742742e-01,1.724540583377742742e-01,1.724540583377742742e-01,1.724540583377742742e-01,1.724540583377742742e-01,1.724540583377742742e-01,1.724540583377742742e-01
5.978648479962799911e+00,5.978648479962799911e+00,5.204074630099164267e+00,5.204074630099164267e+00,3.868178619694262910e+00,3.868178619694262910e+00,3.868178619694262910e+00,3.210625313081234555e+00,1.110272822997594222e+00,1.110272822997594222e+00,1.110272822997594222e+00,1.110272822997594222e+00,1.110272822997594222e+00,1.110272822997594222e+00,1.110272822997594222e+00,1.110272822997594222e+00,1.110272822997594222e+00,1.110272822997594222e+00,1.110272822997594222e+00,1.110272822997594222e+00,1.110272822997594222e+00
1.636702301571954976e+01,1.615183731148378499e+01,1.615183731148378499e+01,1.368815215417314413e+01,1.105199929598359176e+01,9.595749443346145213e+00,9.595749443346145213e+00,9.595749443346145213e+00,9.595749443346145213e+00,8.013539208807349823e+00,8.013539208807349823e+00,6.792652147864776779e+00,6.312615644914018276e+00,5.532506623856782824e+00,4.897872752389158535e+00,4.610904427243056602e+00,4.610904427243056602e+00,4.529497126860441369e+00,4.529497126860441369e+00,3.220285799014700689e+00,3.220285799014700689e+00
1.879832299078034552e+01,1.879832299078034552e+01,1.879832299078034552e+01,1.879832299078034552e+01,1.879832299078034552e+01,1.879832299078034552e+01,1.879832299078034552e+01,1.879832299078034552e+01,1.879832299078034552e+01,1.879832299078034552e+01,1.879832299078034552e+01,1.879832299078034552e+01,1.879832299078034552e+01,1.879832299078034552e+01,1.879832299078034552e+01,1.879832299078034552e+01,1.879832299078034552e+01,1.879832299078034552e+01,1.879832299078034552e+01,1.833398371110549618e+01,1.833398371110549618e+01
8.375806098973582081e+00,7.848349323389760102e+00,7.848349323389760102e+00,6.555288952238377931e+00,4.526855719612957074e+00,4.526855719612957074e+00,3.507790202999420348e+00,3.507790202999420348e+00,3.507790202999420348e+00,3.507790202999420348e+00,3.058460907630778269e+00,3.058460907630778269e+00,3.058460907630778269e+00,3.058460907630778269e+00,3.058460907630778269e+00,3.058460907630778269e+00,3.058460907630778269e+00,3.058460907630778269e+00,3.058460907630778269e+00,3.058460907630778269e+00,3.058460907630778269e+00
1.649778886070507511e+01,8.567656800979294829e+00,7.651141977658539872e+00,4.550076410402144944e+00,1.782381988684452967e+00,1.782381988684452967e+00,1.782381988684452967e+00,1.782381988684452967e+00,1.782381988684452967e+00,1.782381988684452967e+00,1.782381988684452967e+00,1.782381988684452967e+00,1.782381988684452967e+00,1.782381988684452967e+00,1.782381988684452967e+00,1.782381988684452967e+00,1.782381988684452967e+00,1.782381988684452967e+00,1.782381988684452967e+00,1.782381988684452967e+00,1.782381988684452967e+00
7.682573789160340283e+00,7.682573789160340283e+00,7.682573789160340283e+00,3.909655851365734680e+00,3.909655851365734680e+00,3.909655851365734680e+00,3.909655851365734680e+00,3.909655851365734680e+00,3.909655851365734680e+00,2.837736150519742484e+00,2.837736150519742484e+00,2.837736150519742484e+00,2.837736150519742484e+00,2.837736150519742484e+00,2.837736150519742484e+00,2.837736150519742484e+00,2.837736150519742484e+00,2.837736150519742484e+00,2.837736150519742484e+00,2.837736150519742484e+00,2.837736150519742484e+00
1.834117828942339301e+01,1.135003408588639395e+01,9.974614157080473831e+00,8.095348211473163857e+00,5.983339941098815729e+00,5.543357832837703114e+00,5.543357832837703114e+00,4.946393725073687797e-01,4.946393725073687797e-01,4.946393725073687797e-01,4.946393725073687797e-01,4.946393725073687797e-01,4.946393725073687797e-01,4.946393725073687797e-01,4.946393725073687797e-01,4.946393725073687797e-01,4.946393725073687797e-01,4.946393725073687797e-01,4.946393725073687797e-01,4.946393725073687797e-01,4.946393725073687797e-01
1.474763790581407363e+01,1.227836130345609078e+01,1.054830979572109761e+01,1.048848628714407027e+01,1.048848628714407027e+01,1.020907668168843685e+01,6.151413320482699731e+00,6.151413320482699731e+00,5.558206864269067182e+00,3.398578184790658430e+00,3.398578184790658430e+00,3.177739087119310302e+00,3.177739087119310302e+00,3.177739087119310302e+00,3.177739087119310302e+00,3.177739087119310302e+00,3.177739087119310302e+00,3.177739087119310302e+00,3.177739087119310302e+00,3.177739087119310302e+00,3.177739087119310302e+00
5.383062357073221449e+00,5.383062357073221449e+00,5.383062357073221449e+00,5.383062357073221449e+00,5.383062357073221449e+00,5.383062357073221449e+00,5.383062357073221449e+00,4.318455756654994815e+00,2.168135179881354180e+00,1.406103460288417484e+00,1.406103460288417484e+00,1.406103460288417484e+00,1.406103460288417484e+00,1.406103460288417484e+00,1.406103460288417484e+00,1.406103460288417484e+00,1.406103460288417484e+00,1.406103460288417484e+00,1.406103460288417484e+00,1.406103460288417484e+00,1.406103460288417484e+00
1.843527188430255848e+01,1.843527188430255848e+01,1.843527188430255848e+01,1.843527188430255848e+01,1.843527188430255848e+01,1.843527188430255848e+01,1.843527188430255848e+01,1.843527188430255848e+01,1.843527188430255848e+01,1.843527188430255848e+01,1.843527188430255848e+01,1.843527188430255848e+01,1.843527188430255848e+01,1.843527188430255848e+01,1.843527188430255848e+01,1.843527188430255848e+01,1.843527188430255848e+01,1.750198913845734339e+01,1.750198913845734339e+01,1.750198913845734339e+01,1.750198913845734339e+01
