1.335980535191414198e+01,1.335980535191414198e+01,1.031590979147539677e+01,1.031590979147539677e+01,9.856419328356574638e+00,8.866490853137927175e+00,8.866490853137927175e+00,8.866490853137927175e+00,8.866490853137927175e+00,8.866490853137927175e+00,8.866490853137927175e+00,8.866490853137927175e+00,6.567361670750603508e+00,6.463484091137477350e+00,6.463484091137477350e+00,4.551151106612710606e+00,3.433562973866227441e+00,3.433562973866227441e+00,2.242463192676144690e+00,4.799720055386349493e-01,4.799720055386349493e-01
1.934966420732536463e+01,1.934966420732536463e+01,1.934966420732536463e+01,1.392008467776975777e+01,1.116465610958739596e+01,1.061508693598819875e+01,8.201781333811849706e+00,6.338698408354890290e+00,4.852711011108581829e+00,4.852711011108581829e+00,4.852711011108581829e+00,3.098247138128446654e+00,3.098247138128446654e+00,4.304820125431563227e-02,4.304820125431563227e-02,4.304820125431563227e-02,4.304820125431563227e-02,4.304820125431563227e-02,4.304820125431563227e-02,4.304820125431563227e-02,4.304820125431563227e-02
1.860753454018246700e+01,1.837200258188488178e+01,1.724971449832737491e+01,1.724971449832737491e+01,1.554790129555234479e+01,1.372752285476838274e+01,1.282038172561877332e+01,9.458205618513661150e+00,8.116325764610399673e+00,8.116325764610399673e+00,7.620968690249513955e+00,4.584476974035961661e+00,4.067570389856555835e+00,4.067570389856555835e+00,4.067570389856555835e+00,4.067570389856555835e+00,4.067570389856555835e+00,4.067570389856555835e+00,4.067570389856555835e+00,4.067570389856555835e+00,4.067570389856555835e+00
1.969026045083420229e+01,1.418987676299514256e+01,1.418987676299514256e+01,1.330333088335485492e+01,1.140438799391071534e+01,8.532219450304141972e+00,8.297582036836420372e+00,8.297582036836420372e+00,8.297582036836420372e+00,8.297582036836420372e+00,8.297582036836420372e+00,8.297582036836420372e+00,7.432060709064298720e+00,7.432060709064298720e+00,7.432060709064298720e+00,7.432060709064298720e+00,7.432060709064298720e+00,7.432060709064298720e+00,7.432060709064298720e+00,7.432060709064298720e+00,7.432060709064298720e+00
1.389803335773068405e+01,1.389803335773068405e+01,1.389803335773068405e+01,1.389803335773068405e+01,1.389803335773068405e+01,1.389803335773068405e+01,1.389803335773068405e+01,1.389803335773068405e+01,1.296598399928954670e+01,1.102508470397314078e+01,1.102508470397314078e+01,1.102508470397314078e+01,1.102508470397314078e+01,1.089125367802727951e+01,8.109976902845199120e+00,8.109976902845199120e+00,7.776058599095559742e+00,4.312750405702189482e+00,3.390525021288305130e+00,3.390525021288305130e+00,2.480663223615746649e+00
1.717578889301929479e+01,1.699818212453370592e+01,1.699818212453370592e+01,1.605936172039367804e+01,1.574467186808633912e+01,1.574467186808633912e+01,1.574467186808633912e+01,1.248148229206625714e+01,1.225778415065157390e+01,1.225778415065157390e+01,9.815753563744063825e+00,5.094184644088215919e+00,4.399691496672613056e+00,4.399691496672613056e+00,2.849130592043355836e+00,2.849130592043355836e+00,2.849130592043355836e+00,2.284278073867505032e+00,1.818479667493811736e+00,1.818479667493811736e+00,1.818479667493811736e+00
5.996323157585933927e+00,5.996323157585933927e+00,4.180977410144397055e+00,4.180977410144397055e+00,8.372502176524325712e-01,8.372502176524325712e-01,8.372502176524325712e-01,8.372502176524325712e-01,8.372502176524325712e-01,8.372502176524325712e-01,8.372502176524325712e-01,8.372502176524325712e-01,8.372502176524325712e-01,8.372502176524325712e-01,8.372502176524325712e-01,8.372502176524325712e-01,8.372502176524325712e-01,8.372502176524325712e-01,8.372502176524325712e-01,8.372502176524325712e-01,8.372502176524325712e-01
1.178524934950949010e+01,7.748714478478369472e+00,7.748714478478369472e+00,4.494509949487550671e+00,3.766424191643729547e+00,3.708238700277043609e+00,3.708238700277043609e+00,3.708238700277043609e+00,3.708238700277043609e+00,3.708238700277043609e+00,3.708238700277043609e+00,3.708238700277043609e+00,3.708238700277043609e+00,3.708238700277043609e+00,3.708238700277043609e+00,3.708238700277043609e+00,3.708238700277043609e+00,3.708238700277043609e+00,3.708238700277043609e+00,3.708238700277043609e+00,3.708238700277043609e+00
1.224061107890602962e+01,1.224061107890602962e+01,1.224061107890602962e+01,1.224061107890602962e+01,1.224061107890602962e+01,1.224061107890602962e+01,1.224061107890602962e+01,1.224061107890602962e+01,1.224061107890602962e+01,1.224061107890602962e+01,1.224061107890602962e+01,1.224061107890602962e+01,1.224061107890602962e+01,1.224061107890602962e+01,1.224061107890602962e+01,1.224061107890602962e+01,1.123413756414117337e+01,1.123413756414117337e+01,1.123413756414117337e+01,1.123413756414117337e+01,1.123413756414117337e+01
1.829104482398282983e+01,1.118393312354926650e+01,8.583838577886997001e+00,8.583838577886997001e+00,8.258537702364426636e+00,8.258537702364426636e+00,4.367206528917400021e+00,4.367206528917400021e+00,3.597067381480695492e+00,1.933413248023971853e-01,1.933413248023971853e-01,1.933413248023971853e-01,1.933413248023971853e-01,1.933413248023971853e-01,1.933413248023971853e-01,1.933413248023971853e-01,1.933413248023971853e-01,1.933413248023971853e-01,1.933413248023971853e-01,1.933413248023971853e-01,1.933413248023971853e-01
5.978648479962799911e+00,5.978648479962799911e+00,3.236346591356362712e+00,3.084378937821853572e+00,3.084378937821853572e+00,1.701820683215054419e+00,1.701820683215054419e+00,1.701820683215054419e+00,1.701820683215054419e+00,1.701820683215054419e+00,1.701820683215054419e+00,1.701820683215054419e+00,1.701820683215054419e+00,1.701820683215054419e+00,1.701820683215054419e+00,1.701820683215054419e+00,1.701820683215054419e+00,1.701820683215054419e+00,1.701820683215054419e+00,1.701820683215054419e+00,1.701820683215054419e+00
1.636702301571954976e+01,1.615186690744560138e+01,1.615186690744560138e+01,1.368869823131590557e+01,1.105300511687575060e+01,1.105300511687575060e+01,9.972962938228967289e+00,9.817372512473399482e+00,9.817372512473399482e+00,9.817372512473399482e+00,8.392995823361644625e+00,8.291743249526012605e+00,6.383470475274449996e+00,5.924249998116803084e+00,5.706933326189837175e+00,5.706933326189837175e+00,5.706933326189837175e+00,5.680637842429018036e+00,5.680637842429018036e+00,4.778979757130521477e+00,4.778979757130521477e+00
1.879832299078034552e+01,1.879832299078034552e+01,1.879832299078034552e+01,1.879832299078034552e+01,1.879832299078034552e+01,1.879832299078034552e+01,1.879832299078034552e+01,1.879832299078034552e+01,1.879832299078034552e+01,1.879832299078034552e+01,1.879832299078034552e+01,1.879832299078034552e+01,1.879832299078034552e+01,1.879832299078034552e+01,1.879832299078034552e+01,1.879832299078034552e+01,1.879832299078034552e+01,1.879832299078034552e+01,1.873504126853288909e+01,1.873504126853288909e+01,1.864361195349015787e+01
8.375806098973582081e+00,7.848366806783101168e+00,7.848366806783101168e+00,6.555267340483631244e+00,4.526790730690809283e+00,4.526790730690809283e+00,3.507519255545905157e+00,3.507519255545905157e+00,3.507519255545905157e+00,2.861516225409971970e+00,2.861516225409971970e+00,2.861516225409971970e+00,2.861516225409971970e+00,2.861516225409971970e+00,2.861516225409971970e+00,2.861516225409971970e+00,2.861516225409971970e+00,2.861516225409971970e+00,2.861516225409971970e+00,2.861516225409971970e+00,2.861516225409971970e+00
1.649778886070507511e+01,8.567655993393373137e+00,7.651133674112392313e+00,4.550075600729524439e+00,1.782397828160885656e+00,1.782397828160885656e+00,1.782397828160885656e+00,1.782397828160885656e+00,1.782397828160885656e+00,1.782397828160885656e+00,1.782397828160885656e+00,1.782397828160885656e+00,1.782397828160885656e+00,1.782397828160885656e+00,1.782397828160885656e+00,1.782397828160885656e+00,1.782397828160885656e+00,1.782397828160885656e+00,1.782397828160885656e+00,1.782397828160885656e+00,1.782397828160885656e+00
7.682573789160340283e+00,7.682573789160340283e+00,7.682573789160340283e+00,3.909585465159292728e+00,3.909585465159292728e+00,3.909585465159292728e+00,3.909585465159292728e+00,3.909585465159292728e+00,3.909585465159292728e+00,3.909585465159292728e+00,3.909585465159292728e+00,3.909585465159292728e+00,3.909585465159292728e+00,3.909585465159292728e+00,3.909585465159292728e+00,3.909585465159292728e+00,3.909585465159292728e+00,3.909585465159292728e+00,3.909585465159292728e+00,3.909585465159292728e+00,3.909585465159292728e+00
1.834117828942339301e+01,1.135003411391211969e+01,9.974617663424432124e+00,8.095378939423270026e+00,5.983159134840828841e+00,5.542339293129831646e+00,5.542339293129831646e+00,4.988553976638034904e-01,4.988553976638034904e-01,4.988553976638034904e-01,4.988553976638034904e-01,4.988553976638034904e-01,4.988553976638034904e-01,4.988553976638034904e-01,4.988553976638034904e-01,4.988553976638034904e-01,4.988553976638034904e-01,4.988553976638034904e-01,4.988553976638034904e-01,4.988553976638034904e-01,4.988553976638034904e-01
1.474763790581407363e+01,1.227835926110995857e+01,1.054831717640099953e+01,1.048848043080204029e+01,1.048848043080204029e+01,1.020918349756675170e+01,6.142640842490084907e+00,6.142640842490084907e+00,5.550133483805922197e+00,3.396778816445256144e+00,3.396778816445256144e+00,5.983139026712156472e-01,5.983139026712156472e-01,5.983139026712156472e-01,5.983139026712156472e-01,5.983139026712156472e-01,5.983139026712156472e-01,5.983139026712156472e-01,5.983139026712156472e-01,5.983139026712156472e-01,5.983139026712156472e-01
5.383062357073221449e+00,5.383062357073221449e+00,5.383062357073221449e+00,5.383062357073221449e+00,5.383062357073221449e+00,5.383062357073221449e+00,5.383062357073221449e+00,5.383062357073221449e+00,5.383062357073221449e+00,5.383062357073221449e+00,5.383062357073221449e+00,5.383062357073221449e+00,5.383062357073221449e+00,5.383062357073221449e+00,5.383062357073221449e+00,5.383062357073221449e+00,5.383062357073221449e+00,5.383062357073221449e+00,4.582098542319297252e+00,4.582098542319297252e+00,4.582098542319297252e+00
1.843527188430255848e+01,1.843527188430255848e+01,1.843527188430255848e+01,1.843527188430255848e+01,1.843527188430255848e+01,1.843527188430255848e+01,1.843527188430255848e+01,1.843527188430255848e+01,1.843527188430255848e+01,1.843527188430255848e+01,1.843527188430255848e+01,1.843527188430255848e+01,1.843527188430255848e+01,1.843527188430255848e+01,1.843527188430255848e+01,1.843527188430255848e+01,1.843527188430255848e+01,1.843527188430255848e+01,1.843527188430255848e+01,1.843527188430255848e+01,1.843527188430255848e+01
