1.335980535191414198e+01,1.335980535191414198e+01,9.738442056151772164e+00,9.022598213191693972e+00,4.212049935439221571e+00,4.212049935439221571e+00,4.212049935439221571e+00,3.547410662611291787e+00,3.547410662611291787e+00,3.547410662611291787e+00,7.112307389041458983e-01,7.112307389041458983e-01,7.112307389041458983e-01,7.112307389041458983e-01,7.112307389041458983e-01,7.112307389041458983e-01,7.112307389041458983e-01,7.112307389041458983e-01,7.112307389041458983e-01,7.112307389041458983e-01,7.112307389041458983e-01
1.934966420732536463e+01,1.934966420732536463e+01,1.934966420732536463e+01,1.924936659391769211e+01,1.924936659391769211e+01,1.924936659391769211e+01,1.924936659391769211e+01,1.924936659391769211e+01,1.924936659391769211e+01,1.924936659391769211e+01,1.924936659391769211e+01,1.924936659391769211e+01,1.845186421528425669e+01,1.845186421528425669e+01,1.845186421528425669e+01,1.845186421528425669e+01,1.845186421528425669e+01,1.709705903322021570e+01,1.709705903322021570e+01,1.709705903322021570e+01,1.709705903322021570e+01
1.860753454018246700e+01,1.860753454018246700e+01,1.860753454018246700e+01,1.860753454018246700e+01,1.860753454018246700e+01,1.860753454018246700e+01,1.860753454018246700e+01,1.860753454018246700e+01,1.860753454018246700e+01,1.860753454018246700e+01,1.853130778497012088e+01,1.853130778497012088e+01,1.853130778497012088e+01,1.853130778497012088e+01,1.853130778497012088e+01,1.853130778497012088e+01,1.853130778497012088e+01,1.853130778497012088e+01,1.853130778497012088e+01,1.853130778497012088e+01,1.853130778497012088e+01
1.969026045083420229e+01,1.969026045083420229e+01,1.969026045083420229e+01,1.969026045083420229e+01,1.969026045083420229e+01,1.969026045083420229e+01,1.969026045083420229e+01,1.950737276269370213e+01,1.950737276269370213e+01,1.950737276269370213e+01,1.950737276269370213e+01,1.950737276269370213e+01,1.950737276269370213e+01,1.950737276269370213e+01,1.907626498919644575e+01,1.897767325866285049e+01,1.851619639940663831e+01,1.749227221991622017e+01,1.749227221991622017e+01,1.749227221991622017e+01,1.749227221991622017e+01
1.389803335773068405e+01,1.389803335773068405e+01,1.389803335773068405e+01,1.389803335773068405e+01,1.389803335773068405e+01,1.389803335773068405e+01,8.113761261630664023e+00,6.573961808228517611e+00,3.169946255109725275e+00,3.169946255109725275e+00,3.169946255109725275e+00,3.169946255109725275e+00,3.169946255109725275e+00,3.169946255109725275e+00,3.169946255109725275e+00,3.169946255109725275e+00,3.169946255109725275e+00,3.169946255109725275e+00,3.169946255109725275e+00,3.169946255109725275e+00,3.169946255109725275e+00
1.717578889301929479e+01,1.710982297655601059e+01,1.383453459668885976e+01,1.158869269336734042e+01,1.147167299414662445e+01,9.187022987914113870e+00,6.628527533837083041e+00,4.200541904815381145e+00,4.200541904815381145e+00,4.200541904815381145e+00,4.200541904815381145e+00,4.200541904815381145e+00,4.200541904815381145e+00,4.200541904815381145e+00,4.200541904815381145e+00,4.200541904815381145e+00,4.200541904815381145e+00,4.200541904815381145e+00,4.200541904815381145e+00,4.200541904815381145e+00,4.200541904815381145e+00
5.996323157585933927e+00,5.996323157585933927e+00,3.990587025147395384e+00,3.990587025147395384e+00,3.990587025147395384e+00,3.990587025147395384e+00,3.990587025147395384e+00,3.990587025147395384e+00,3.990587025147395384e+00,3.990587025147395384e+00,2.239935202684379068e+00,2.239935202684379068e+00,2.239935202684379068e+00,2.239935202684379068e+00,2.239935202684379068e+00,2.239935202684379068e+00,2.239935202684379068e+00,2.239935202684379068e+00,2.239935202684379068e+00,2.239935202684379068e+00,2.239935202684379068e+00
1.178524934950949010e+01,7.057590923257627935e+00,7.057590923257627935e+00,1.915581272327675499e-01,1.915581272327675499e-01,1.915581272327675499e-01,1.915581272327675499e-01,1.915581272327675499e-01,1.915581272327675499e-01,1.915581272327675499e-01,1.915581272327675499e-01,1.915581272327675499e-01,1.915581272327675499e-01,1.915581272327675499e-01,1.915581272327675499e-01,1.915581272327675499e-01,1.915581272327675499e-01,1.915581272327675499e-01,1.915581272327675499e-01,1.915581272327675499e-01,1.915581272327675499e-01
1.224061107890602962e+01,1.224061107890602962e+01,1.059369803718342951e+01,5.919578526546278141e+00,5.414658335960833568e+00,5.414658335960833568e+00,3.307508827944495966e+00,3.307508827944495966e+00,3.307508827944495966e+00,3.307508827944495966e+00,2.947661280870751188e+00,2.947661280870751188e+00,2.947661280870751188e+00,2.947661280870751188e+00,2.947661280870751188e+00,2.947661280870751188e+00,2.947661280870751188e+00,2.947661280870751188e+00,2.947661280870751188e+00,2.947661280870751188e+00,2.947661280870751188e+00
1.829104482398282983e+01,1.744775507455790375e+01,1.439114474431326940e+01,1.429436796339189897e+01,1.429436796339189897e+01,1.338169735513158898e+01,1.338169735513158898e+01,1.338169735513158898e+01,1.338169735513158898e+01,1.338169735513158898e+01,1.316049952174032178e+01,1.308219981537581766e+01,9.917911982904257684e+00,9.587048569768590767e+00,9.587048569768590767e+00,9.587048569768590767e+00,9.587048569768590767e+00,5.830715019103543284e+00,5.146310966115812846e+00,4.194236249783106274e+00,2.868725304529903486e+00
5.978648479962799911e+00,5.978648479962799911e+00,3.955475421754016896e+00,3.955475421754016896e+00,3.955475421754016896e+00,3.955475421754016896e+00,3.955475421754016896e+00,3.955475421754016896e+00,3.955475421754016896e+00,3.955475421754016896e+00,3.955475421754016896e+00,3.955475421754016896e+00,3.519115136992806203e+00,3.519115136992806203e+00,3.519115136992806203e+00,3.519115136992806203e+00,3.519115136992806203e+00,3.519115136992806203e+00,3.519115136992806203e+00,3.519115136992806203e+00,3.519115136992806203e+00
1.636702301571954976e+01,1.584769668451500380e+01,1.584769668451500380e+01,1.438918085892962928e+01,1.102726788668802804e+01,8.484284808347764439e+00,8.484284808347764439e+00,7.866409493143706300e+00,7.866409493143706300e+00,5.256018031092338560e+00,5.256018031092338560e+00,5.256018031092338560e+00,4.028129432151381195e+00,4.028129432151381195e+00,4.028129432151381195e+00,4.028129432151381195e+00,4.028129432151381195e+00,4.028129432151381195e+00,4.028129432151381195e+00,4.028129432151381195e+00,4.028129432151381195e+00
1.879832299078034552e+01,1.879832299078034552e+01,1.879832299078034552e+01,1.879832299078034552e+01,1.879832299078034552e+01,1.879832299078034552e+01,1.879832299078034552e+01,1.879832299078034552e+01,1.879832299078034552e+01,1.879832299078034552e+01,1.879832299078034552e+01,1.879832299078034552e+01,1.879832299078034552e+01,1.879832299078034552e+01,1.879832299078034552e+01,1.879832299078034552e+01,1.879832299078034552e+01,1.879832299078034552e+01,1.879832299078034552e+01,1.879832299078034552e+01,1.807835523345964646e+01
8.375806098973582081e+00,8.375806098973582081e+00,8.375806098973582081e+00,4.171687802017679303e+00,4.171687802017679303e+00,4.171687802017679303e+00,3.840103458246599821e-01,3.840103458246599821e-01,3.840103458246599821e-01,3.840103458246599821e-01,3.840103458246599821e-01,3.840103458246599821e-01,3.840103458246599821e-01,3.840103458246599821e-01,3.840103458246599821e-01,3.840103458246599821e-01,3.840103458246599821e-01,3.840103458246599821e-01,3.840103458246599821e-01,3.840103458246599821e-01,3.840103458246599821e-01
1.649778886070507511e+01,8.619945772828501163e+00,5.931407993344951279e+00,4.574797995159954667e+00,4.574797995159954667e+00,3.675019682846649705e+00,3.675019682846649705e+00,3.675019682846649705e+00,3.675019682846649705e+00,3.675019682846649705e+00,3.675019682846649705e+00,3.675019682846649705e+00,3.675019682846649705e+00,3.335106824923852020e+00,3.335106824923852020e+00,3.335106824923852020e+00,3.335106824923852020e+00,3.335106824923852020e+00,3.335106824923852020e+00,3.335106824923852020e+00,3.335106824923852020e+00
7.682573789160340283e+00,7.682573789160340283e+00,7.682573789160340283e+00,4.375898495568346647e+00,4.375898495568346647e+00,2.520126382570162082e+00,2.520126382570162082e+00,2.520126382570162082e+00,2.520126382570162082e+00,2.520126382570162082e+00,2.520126382570162082e+00,2.520126382570162082e+00,2.520126382570162082e+00,2.520126382570162082e+00,2.520126382570162082e+00,2.520126382570162082e+00,2.520126382570162082e+00,2.520126382570162082e+00,2.520126382570162082e+00,2.520126382570162082e+00,2.520126382570162082e+00
1.834117828942339301e+01,1.793658228986893732e+01,1.676735778805342392e+01,1.676735778805342392e+01,1.676735778805342392e+01,1.676735778805342392e+01,1.676735778805342392e+01,1.676735778805342392e+01,1.676735778805342392e+01,1.671803235626661888e+01,1.671803235626661888e+01,1.671803235626661888e+01,1.671803235626661888e+01,1.671803235626661888e+01,1.671803235626661888e+01,1.671803235626661888e+01,1.406549848258798008e+01,1.406549848258798008e+01,1.406549848258798008e+01,1.406549848258798008e+01,1.406549848258798008e+01
1.474763790581407363e+01,1.288053116041662172e+01,1.288053116041662172e+01,1.137573398780163281e+01,7.688678581246989552e+00,5.890680835023623274e+00,4.556017793493303714e+00,4.556017793493303714e+00,4.235539868656235996e+00,4.235539868656235996e+00,4.235539868656235996e+00,4.235539868656235996e+00,4.235539868656235996e+00,4.235539868656235996e+00,4.235539868656235996e+00,4.235539868656235996e+00,4.235539868656235996e+00,4.235539868656235996e+00,4.235539868656235996e+00,4.235539868656235996e+00,4.235539868656235996e+00
5.383062357073221449e+00,5.383062357073221449e+00,5.383062357073221449e+00,5.383062357073221449e+00,5.383062357073221449e+00,4.561095884265483846e+00,4.561095884265483846e+00,4.561095884265483846e+00,4.561095884265483846e+00,4.561095884265483846e+00,4.561095884265483846e+00,2.119945406237637275e+00,2.119945406237637275e+00,2.119945406237637275e+00,2.119945406237637275e+00,2.119945406237637275e+00,2.119945406237637275e+00,2.119945406237637275e+00,2.119945406237637275e+00,2.119945406237637275e+00,2.119945406237637275e+00
1.843527188430255848e+01,1.843527188430255848e+01,1.843527188430255848e+01,1.843527188430255848e+01,1.843527188430255848e+01,1.843527188430255848e+01,1.843527188430255848e+01,1.843527188430255848e+01,1.843527188430255848e+01,1.843527188430255848e+01,1.843527188430255848e+01,1.843527188430255848e+01,1.843527188430255848e+01,1.843527188430255848e+01,1.843527188430255848e+01,1.843527188430255848e+01,1.843527188430255848e+01,1.645783769177855405e+01,1.583728112351849759e+01,1.508402567394800009e+01,1.508402567394800009e+01
