1.513676229946356067e+01,2.652602221507027735e+00,2.652602221507027735e+00,9.089123714096188911e-01,9.089123714096188911e-01,9.089123714096188911e-01,9.089123714096188911e-01,9.089123714096188911e-01,9.089123714096188911e-01,9.089123714096188911e-01,9.089123714096188911e-01,9.089123714096188911e-01,9.089123714096188911e-01,9.089123714096188911e-01,9.089123714096188911e-01,9.089123714096188911e-01,9.089123714096188911e-01,9.089123714096188911e-01,9.089123714096188911e-01,9.089123714096188911e-01,9.089123714096188911e-01
1.948512006289873000e+01,6.892808934258477294e+00,6.892808934258477294e+00,5.102024107742834325e+00,5.102024107742834325e+00,5.102024107742834325e+00,5.102024107742834325e+00,5.102024107742834325e+00,5.102024107742834325e+00,5.102024107742834325e+00,5.102024107742834325e+00,5.102024107742834325e+00,5.102024107742834325e+00,5.102024107742834325e+00,5.102024107742834325e+00,5.102024107742834325e+00,5.102024107742834325e+00,5.102024107742834325e+00,5.102024107742834325e+00,5.102024107742834325e+00,5.102024107742834325e+00
6.802468539619835219e+00,6.802468539619835219e+00,4.451259424680831245e+00,4.451259424680831245e+00,4.451259424680831245e+00,4.451259424680831245e+00,4.451259424680831245e+00,4.451259424680831245e+00,4.451259424680831245e+00,4.451259424680831245e+00,4.451259424680831245e+00,4.451259424680831245e+00,4.451259424680831245e+00,4.451259424680831245e+00,4.451259424680831245e+00,4.451259424680831245e+00,4.451259424680831245e+00,4.451259424680831245e+00,4.451259424680831245e+00,4.451259424680831245e+00,4.451259424680831245e+00
1.434859887684804924e+01,1.434859887684804924e+01,1.434859887684804924e+01,1.434859887684804924e+01,9.241381107587283594e+00,9.241381107587283594e+00,9.241381107587283594e+00,9.241381107587283594e+00,9.241381107587283594e+00,9.241381107587283594e+00,9.241381107587283594e+00,9.241381107587283594e+00,1.942965517649433982e-01,1.942965517649433982e-01,1.942965517649433982e-01,1.942965517649433982e-01,1.942965517649433982e-01,1.942965517649433982e-01,1.942965517649433982e-01,1.942965517649433982e-01,1.942965517649433982e-01
3.067613505143035102e+00,3.067613505143035102e+00,3.067613505143035102e+00,3.067613505143035102e+00,3.067613505143035102e+00,3.067613505143035102e+00,3.067613505143035102e+00,3.067613505143035102e+00,3.067613505143035102e+00,3.067613505143035102e+00,3.067613505143035102e+00,3.067613505143035102e+00,3.067613505143035102e+00,3.067613505143035102e+00,3.067613505143035102e+00,3.067613505143035102e+00,3.067613505143035102e+00,3.067613505143035102e+00,3.067613505143035102e+00,3.067613505143035102e+00,3.067613505143035102e+00
1.551413049639426944e+01,1.551413049639426944e+01,1.551413049639426944e+01,1.394540630740971210e+01,1.394540630740971210e+01,2.801335657677783253e+00,2.801335657677783253e+00,2.801335657677783253e+00,2.801335657677783253e+00,2.801335657677783253e+00,2.801335657677783253e+00,2.801335657677783253e+00,2.801335657677783253e+00,2.801335657677783253e+00,2.801335657677783253e+00,2.801335657677783253e+00,2.801335657677783253e+00,2.801335657677783253e+00,2.801335657677783253e+00,2.801335657677783253e+00,2.801335657677783253e+00
2.532226537349921536e+00,2.532226537349921536e+00,2.532226537349921536e+00,2.532226537349921536e+00,2.532226537349921536e+00,2.532226537349921536e+00,2.532226537349921536e+00,2.532226537349921536e+00,2.532226537349921536e+00,2.532226537349921536e+00,2.532226537349921536e+00,2.532226537349921536e+00,2.532226537349921536e+00,2.532226537349921536e+00,2.532226537349921536e+00,2.532226537349921536e+00,2.532226537349921536e+00,2.532226537349921536e+00,2.532226537349921536e+00,2.532226537349921536e+00,2.532226537349921536e+00
2.499512007542088909e+00,2.499512007542088909e+00,2.499512007542088909e+00,2.499512007542088909e+00,2.499512007542088909e+00,2.499512007542088909e+00,2.499512007542088909e+00,2.499512007542088909e+00,2.499512007542088909e+00,2.499512007542088909e+00,2.499512007542088909e+00,2.499512007542088909e+00,2.478190769115460768e+00,2.478190769115460768e+00,2.478190769115460768e+00,2.478190769115460768e+00,2.478190769115460768e+00,2.478190769115460768e+00,2.478190769115460768e+00,2.478190769115460768e+00,2.478190769115460768e+00
5.865096455221217031e-01,5.865096455221217031e-01,5.865096455221217031e-01,5.865096455221217031e-01,5.865096455221217031e-01,5.865096455221217031e-01,5.865096455221217031e-01,5.865096455221217031e-01,5.865096455221217031e-01,5.865096455221217031e-01,5.865096455221217031e-01,5.865096455221217031e-01,5.865096455221217031e-01,5.865096455221217031e-01,5.865096455221217031e-01,5.865096455221217031e-01,5.865096455221217031e-01,5.865096455221217031e-01,5.865096455221217031e-01,5.865096455221217031e-01,5.865096455221217031e-01
1.028825199428522907e+01,1.028825199428522907e+01,7.484146244078713650e+00,7.484146244078713650e+00,7.484146244078713650e+00,7.484146244078713650e+00,7.484146244078713650e+00,7.484146244078713650e+00,2.397528325260714244e+00,2.397528325260714244e+00,2.397528325260714244e+00,2.397528325260714244e+00,7.133808827498879790e-01,7.133808827498879790e-01,7.133808827498879790e-01,7.133808827498879790e-01,7.133808827498879790e-01,7.133808827498879790e-01,7.133808827498879790e-01,7.133808827498879790e-01,7.133808827498879790e-01
1.511124584903027213e+01,1.511124584903027213e+01,2.644564733238794041e+00,2.644564733238794041e+00,2.644564733238794041e+00,2.644564733238794041e+00,2.644564733238794041e+00,2.644564733238794041e+00,1.489501349382087447e+00,1.489501349382087447e+00,1.489501349382087447e+00,1.489501349382087447e+00,1.489501349382087447e+00,1.489501349382087447e+00,1.489501349382087447e+00,1.489501349382087447e+00,1.489501349382087447e+00,1.489501349382087447e+00,1.489501349382087447e+00,1.489501349382087447e+00,1.489501349382087447e+00
2.380412606450262647e+00,2.380412606450262647e+00,2.380412606450262647e+00,2.380412606450262647e+00,2.380412606450262647e+00,2.380412606450262647e+00,2.380412606450262647e+00,2.380412606450262647e+00,2.380412606450262647e+00,2.380412606450262647e+00,2.380412606450262647e+00,2.380412606450262647e+00,2.380412606450262647e+00,2.380412606450262647e+00,2.380412606450262647e+00,2.380412606450262647e+00,2.380412606450262647e+00,2.380412606450262647e+00,9.485144425312118377e-02,9.485144425312118377e-02,9.485144425312118377e-02
2.708285230052538495e+01,2.708285230052538495e+01,1.970801600640891271e+00,1.970801600640891271e+00,1.326716184811536081e+00,1.326716184811536081e+00,1.326716184811536081e+00,1.326716184811536081e+00,1.326716184811536081e+00,1.326716184811536081e+00,1.326716184811536081e+00,1.326716184811536081e+00,1.326716184811536081e+00,1.326716184811536081e+00,1.326716184811536081e+00,1.326716184811536081e+00,1.326716184811536081e+00,1.326716184811536081e+00,1.326716184811536081e+00,1.326716184811536081e+00,1.326716184811536081e+00
1.251566680872103809e+01,1.251566680872103809e+01,1.251566680872103809e+01,1.251566680872103809e+01,1.251566680872103809e+01,5.156748814863555630e+00,5.138530339869021191e+00,5.138530339869021191e+00,1.964834946163215856e-01,1.964834946163215856e-01,1.964834946163215856e-01,1.964834946163215856e-01,1.964834946163215856e-01,1.964834946163215856e-01,1.964834946163215856e-01,1.964834946163215856e-01,1.964834946163215856e-01,1.964834946163215856e-01,1.964834946163215856e-01,1.964834946163215856e-01,1.964834946163215856e-01
6.561466345229590047e+00,6.561466345229590047e+00,6.561466345229590047e+00,6.561466345229590047e+00,6.561466345229590047e+00,6.561466345229590047e+00,6.561466345229590047e+00,6.561466345229590047e+00,6.561466345229590047e+00,6.561466345229590047e+00,6.561466345229590047e+00,6.561466345229590047e+00,6.561466345229590047e+00,6.561466345229590047e+00,6.561466345229590047e+00,4.500250605045851948e+00,4.500250605045851948e+00,4.500250605045851948e+00,4.500250605045851948e+00,4.500250605045851948e+00,4.500250605045851948e+00
6.877875001534549781e+00,6.877875001534549781e+00,6.665030503698236686e+00,6.665030503698236686e+00,6.665030503698236686e+00,6.665030503698236686e+00,6.665030503698236686e+00,6.665030503698236686e+00,6.665030503698236686e+00,6.665030503698236686e+00,6.665030503698236686e+00,6.665030503698236686e+00,6.665030503698236686e+00,4.507595116336298169e+00,4.507595116336298169e+00,4.507595116336298169e+00,4.507595116336298169e+00,4.507595116336298169e+00,4.507595116336298169e+00,4.507595116336298169e+00,4.507595116336298169e+00
5.986996864018441222e-01,5.986996864018441222e-01,5.986996864018441222e-01,5.986996864018441222e-01,5.986996864018441222e-01,5.986996864018441222e-01,5.986996864018441222e-01,5.986996864018441222e-01,5.986996864018441222e-01,5.986996864018441222e-01,5.986996864018441222e-01,5.986996864018441222e-01,5.986996864018441222e-01,5.986996864018441222e-01,5.986996864018441222e-01,5.986996864018441222e-01,5.986996864018441222e-01,5.986996864018441222e-01,5.986996864018441222e-01,5.986996864018441222e-01,5.986996864018441222e-01
1.709089993163834009e+01,9.532973842959476807e-01,9.532973842959476807e-01,9.532973842959476807e-01,9.532973842959476807e-01,9.532973842959476807e-01,9.532973842959476807e-01,9.532973842959476807e-01,9.532973842959476807e-01,7.130159913243264702e-01,7.130159913243264702e-01,7.130159913243264702e-01,7.130159913243264702e-01,7.130159913243264702e-01,7.130159913243264702e-01,7.130159913243264702e-01,7.130159913243264702e-01,7.130159913243264702e-01,7.130159913243264702e-01,7.130159913243264702e-01,7.130159913243264702e-01
1.270306684876325498e+01,1.033809665208240958e+01,4.637059614599146617e-01,4.637059614599146617e-01,4.637059614599146617e-01,4.637059614599146617e-01,4.637059614599146617e-01,4.637059614599146617e-01,4.637059614599146617e-01,4.637059614599146617e-01,4.637059614599146617e-01,4.637059614599146617e-01,4.637059614599146617e-01,1.032254566379236238e-01,1.032254566379236238e-01,1.032254566379236238e-01,1.032254566379236238e-01,1.032254566379236238e-01,1.032254566379236238e-01,1.032254566379236238e-01,1.032254566379236238e-01
1.344761826701116325e+00,1.344761826701116325e+00,1.344761826701116325e+00,1.344761826701116325e+00,1.344761826701116325e+00,1.344761826701116325e+00,1.344761826701116325e+00,1.344761826701116325e+00,1.344761826701116325e+00,1.344761826701116325e+00,1.344761826701116325e+00,1.344761826701116325e+00,1.344761826701116325e+00,1.344761826701116325e+00,1.344761826701116325e+00,1.344761826701116325e+00,1.344761826701116325e+00,1.344761826701116325e+00,1.344761826701116325e+00,1.344761826701116325e+00,1.344761826701116325e+00
