1.513676229946356067e+01,1.513676229946356067e+01,1.513676229946356067e+01,1.513676229946356067e+01,1.513676229946356067e+01,4.154135487516948722e+00,4.154135487516948722e+00,4.154135487516948722e+00,4.154135487516948722e+00,4.154135487516948722e+00,4.154135487516948722e+00,4.154135487516948722e+00,4.154135487516948722e+00,4.154135487516948722e+00,3.248768529085662493e+00,3.248768529085662493e+00,2.635434154712648080e+00,2.635434154712648080e+00,2.635434154712648080e+00,2.635434154712648080e+00,2.635434154712648080e+00
1.948512006289873000e+01,1.948512006289873000e+01,1.948512006289873000e+01,1.948512006289873000e+01,1.948512006289873000e+01,1.948512006289873000e+01,1.948512006289873000e+01,1.594734936313869689e+01,1.383940279449993760e+00,1.383940279449993760e+00,1.383940279449993760e+00,1.383940279449993760e+00,1.383940279449993760e+00,1.383940279449993760e+00,1.383940279449993760e+00,1.383940279449993760e+00,1.383940279449993760e+00,2.738910211785838822e-01,2.738910211785838822e-01,2.738910211785838822e-01,2.738910211785838822e-01
6.802468539619835219e+00,6.802468539619835219e+00,5.730389745926845357e+00,5.730389745926845357e+00,5.730389745926845357e+00,4.848659324468265197e+00,4.848659324468265197e+00,4.848659324468265197e+00,3.048736255004743101e-01,3.048736255004743101e-01,3.048736255004743101e-01,3.048736255004743101e-01,1.880415388849191738e-01,1.880415388849191738e-01,1.880415388849191738e-01,1.880415388849191738e-01,1.880415388849191738e-01,1.880415388849191738e-01,1.880415388849191738e-01,1.880415388849191738e-01,1.880415388849191738e-01
1.434859887684804924e+01,1.402684837348754598e+01,1.402684837348754598e+01,1.402684837348754598e+01,1.402684837348754598e+01,1.402684837348754598e+01,1.402684837348754598e+01,1.402684837348754598e+01,1.402684837348754598e+01,1.025330855213823256e+01,1.130845435163086998e+00,1.130845435163086998e+00,1.130845435163086998e+00,9.994071023745203508e-01,2.787772651668607438e-01,2.787772651668607438e-01,2.787772651668607438e-01,2.787772651668607438e-01,2.787772651668607438e-01,2.787772651668607438e-01,2.787772651668607438e-01
3.067613505143035102e+00,2.019569205612250506e+00,2.019569205612250506e+00,2.019569205612250506e+00,2.019569205612250506e+00,1.095791456231210326e+00,1.095791456231210326e+00,1.095791456231210326e+00,1.095791456231210326e+00,1.095791456231210326e+00,1.090783183657187960e+00,1.090783183657187960e+00,1.089984386271670935e+00,1.089984386271670935e+00,1.089984386271670935e+00,1.089984386271670935e+00,1.089984386271670935e+00,1.089984386271670935e+00,1.088301175623447747e+00,1.088301175623447747e+00,1.088301175623447747e+00
1.551413049639426944e+01,1.551413049639426944e+01,1.551413049639426944e+01,9.271016953480563316e+00,9.271016953480563316e+00,9.271016953480563316e+00,8.479849344810837408e+00,8.479849344810837408e+00,8.479849344810837408e+00,8.479849344810837408e+00,8.479849344810837408e+00,8.479849344810837408e+00,8.479849344810837408e+00,8.479849344810837408e+00,8.479849344810837408e+00,8.479849344810837408e+00,8.479849344810837408e+00,8.479849344810837408e+00,8.479849344810837408e+00,8.479849344810837408e+00,8.479849344810837408e+00
2.532226537349921536e+00,2.532226537349921536e+00,2.532226537349921536e+00,2.532226537349921536e+00,2.532226537349921536e+00,2.532226537349921536e+00,2.532226537349921536e+00,2.532226537349921536e+00,2.532226537349921536e+00,2.532226537349921536e+00,2.532226537349921536e+00,2.532226537349921536e+00,2.532226537349921536e+00,2.532226537349921536e+00,2.532226537349921536e+00,2.532226537349921536e+00,2.532226537349921536e+00,2.532226537349921536e+00,2.532226537349921536e+00,2.532226537349921536e+00,2.532226537349921536e+00
2.499512007542088909e+00,2.499512007542088909e+00,2.499512007542088909e+00,2.499512007542088909e+00,2.499512007542088909e+00,1.050842641609377681e+00,1.050842641609377681e+00,1.050842641609377681e+00,1.050842641609377681e+00,1.050842641609377681e+00,1.050842641609377681e+00,1.050842641609377681e+00,1.050842641609377681e+00,1.050842641609377681e+00,1.050842641609377681e+00,1.050842641609377681e+00,1.050842641609377681e+00,1.050842641609377681e+00,1.050842641609377681e+00,1.050842641609377681e+00,1.050842641609377681e+00
5.865096455221217031e-01,5.865096455221217031e-01,5.865096455221217031e-01,4.789083351191765758e-01,4.789083351191765758e-01,4.721095630908197505e-01,4.721095630908197505e-01,4.721095630908197505e-01,4.721095630908197505e-01,4.721095630908197505e-01,4.721095630908197505e-01,4.721095630908197505e-01,4.721095630908197505e-01,4.721095630908197505e-01,4.721095630908197505e-01,4.721095630908197505e-01,4.028268799764518904e-01,3.805017081843420357e-01,3.805017081843420357e-01,3.617602004618196143e-01,3.617602004618196143e-01
1.028825199428522907e+01,1.028825199428522907e+01,9.123402326944873408e+00,9.123402326944873408e+00,9.123402326944873408e+00,9.123402326944873408e+00,9.123402326944873408e+00,1.670679315997370518e+00,1.670679315997370518e+00,1.670679315997370518e+00,1.670679315997370518e+00,1.670679315997370518e+00,7.830935194518848785e-01,7.830935194518848785e-01,7.830935194518848785e-01,7.830935194518848785e-01,7.830935194518848785e-01,7.830935194518848785e-01,7.830935194518848785e-01,7.830935194518848785e-01,7.830935194518848785e-01
1.511124584903027213e+01,1.511124584903027213e+01,1.296374606655091455e+01,1.296374606655091455e+01,1.296374606655091455e+01,1.296374606655091455e+01,1.296374606655091455e+01,1.203975675056406303e+01,1.203975675056406303e+01,1.203975675056406303e+01,1.203975675056406303e+01,1.203975675056406303e+01,1.203975675056406303e+01,1.203975675056406303e+01,1.203975675056406303e+01,1.203975675056406303e+01,1.203975675056406303e+01,1.203975675056406303e+01,2.722641713474869718e+00,2.722641713474869718e+00,2.722641713474869718e+00
2.380412606450262647e+00,2.380412606450262647e+00,2.380412606450262647e+00,2.287560289506460176e+00,2.287560289506460176e+00,2.287560289506460176e+00,2.287560289506460176e+00,1.421789983492302456e+00,1.421789983492302456e+00,1.421789983492302456e+00,8.462852362994924826e-01,8.462852362994924826e-01,8.462852362994924826e-01,8.462852362994924826e-01,8.462852362994924826e-01,8.462852362994924826e-01,8.462852362994924826e-01,8.462852362994924826e-01,8.462852362994924826e-01,8.462852362994924826e-01,8.462852362994924826e-01
2.708285230052538495e+01,2.484067672378035141e+01,2.484067672378035141e+01,2.484067672378035141e+01,3.678331618623815302e+00,3.678331618623815302e+00,3.678331618623815302e+00,3.643304985288653874e+00,1.848694192836195072e+00,1.848694192836195072e+00,9.632241387570547042e-01,9.632241387570547042e-01,8.238745120290463797e-01,7.987144900108015255e-01,7.987144900108015255e-01,7.987144900108015255e-01,7.987144900108015255e-01,7.987144900108015255e-01,7.987144900108015255e-01,7.987144900108015255e-01,7.987144900108015255e-01
1.251566680872103809e+01,1.251566680872103809e+01,1.062098193857844919e+01,1.062098193857844919e+01,1.062098193857844919e+01,1.062098193857844919e+01,1.062098193857844919e+01,1.062098193857844919e+01,1.062098193857844919e+01,1.062098193857844919e+01,1.062098193857844919e+01,1.062098193857844919e+01,7.716588842280589944e+00,7.716588842280589944e+00,6.228682065125928702e+00,6.228682065125928702e+00,6.228682065125928702e+00,6.228682065125928702e+00,6.228682065125928702e+00,6.228682065125928702e+00,5.066159166270367109e+00
6.561466345229590047e+00,6.561466345229590047e+00,6.561466345229590047e+00,6.561466345229590047e+00,6.561466345229590047e+00,4.240137443867813438e+00,4.240137443867813438e+00,4.240137443867813438e+00,4.240137443867813438e+00,4.240137443867813438e+00,4.240137443867813438e+00,4.240137443867813438e+00,4.240137443867813438e+00,4.240137443867813438e+00,4.240137443867813438e+00,4.240137443867813438e+00,4.240137443867813438e+00,4.240137443867813438e+00,4.240137443867813438e+00,4.240137443867813438e+00,4.240137443867813438e+00
6.877875001534549781e+00,5.452065302727264751e+00,5.452065302727264751e+00,5.452065302727264751e+00,5.452065302727264751e+00,5.188389391405327622e+00,5.188389391405327622e+00,5.188389391405327622e+00,5.188389391405327622e+00,5.188389391405327622e+00,5.188389391405327622e+00,5.188389391405327622e+00,5.188389391405327622e+00,5.188389391405327622e+00,5.188389391405327622e+00,5.188389391405327622e+00,5.188389391405327622e+00,5.188389391405327622e+00,5.188389391405327622e+00,5.188389391405327622e+00,5.188389391405327622e+00
5.986996864018441222e-01,5.986996864018441222e-01,5.986996864018441222e-01,5.986996864018441222e-01,5.986996864018441222e-01,5.986996864018441222e-01,5.986996864018441222e-01,5.986996864018441222e-01,5.986996864018441222e-01,5.986996864018441222e-01,5.986996864018441222e-01,5.986996864018441222e-01,2.683425487510758822e-01,2.354641299557909684e-01,1.975017854265338491e-01,1.365244950720702899e-01,1.365244950720702899e-01,1.188794531757485784e-01,1.038102475908854877e-01,9.048726417156439938e-02,7.854226771140583596e-02
1.709089993163834009e+01,1.709089993163834009e+01,1.709089993163834009e+01,1.443020251346318972e+01,1.443020251346318972e+01,1.443020251346318972e+01,1.443020251346318972e+01,1.409534191647570367e+01,1.409534191647570367e+01,1.406838096816555961e+01,1.406838096816555961e+01,1.406291354126746640e+01,1.406291354126746640e+01,1.406291354126746640e+01,1.406291354126746640e+01,1.406291354126746640e+01,1.406291354126746640e+01,1.406291354126746640e+01,1.406291354126746640e+01,1.406291354126746640e+01,1.395009138989954955e+01
1.270306684876325498e+01,1.270306684876325498e+01,1.270306684876325498e+01,1.270306684876325498e+01,1.270306684876325498e+01,1.251137517672671251e+01,1.251137517672671251e+01,1.251137517672671251e+01,1.251137517672671251e+01,1.251137517672671251e+01,1.251137517672671251e+01,1.221748655156146590e+01,1.221748655156146590e+01,1.221748655156146590e+01,9.616962942642523160e+00,9.616962942642523160e+00,9.616962942642523160e+00,9.616962942642523160e+00,9.616962942642523160e+00,9.616962942642523160e+00,9.616962942642523160e+00
1.344761826701116325e+00,1.344761826701116325e+00,1.284121127555313713e+00,1.284121127555313713e+00,1.284121127555313713e+00,1.109356706569423201e+00,1.109356706569423201e+00,9.907220183532499114e-01,9.907220183532499114e-01,8.411708968229889560e-01,8.411708968229889560e-01,8.411708968229889560e-01,8.411708968229889560e-01,8.411708968229889560e-01,8.411708968229889560e-01,8.411708968229889560e-01,8.411708968229889560e-01,8.411708968229889560e-01,8.411708968229889560e-01,7.784272513224900214e-01,7.784272513224900214e-01
