1.513676229946356067e+01,4.125518042214327608e+00,4.125518042214327608e+00,4.125518042214327608e+00,4.125518042214327608e+00,4.125518042214327608e+00,4.125518042214327608e+00,2.542521461799270854e-01,2.542521461799270854e-01,2.542521461799270854e-01,2.542521461799270854e-01,2.542521461799270854e-01,2.542521461799270854e-01,2.542521461799270854e-01,2.542521461799270854e-01,2.542521461799270854e-01,2.542521461799270854e-01,2.542521461799270854e-01,2.542521461799270854e-01,2.542521461799270854e-01,2.542521461799270854e-01
1.948512006289873000e+01,4.516374520800537695e+00,4.516374520800537695e+00,4.516374520800537695e+00,1.828989891914893917e+00,1.828989891914893917e+00,1.828989891914893917e+00,1.828989891914893917e+00,1.828989891914893917e+00,1.828989891914893917e+00,1.828989891914893917e+00,1.828989891914893917e+00,1.828989891914893917e+00,1.828989891914893917e+00,1.828989891914893917e+00,1.828989891914893917e+00,1.828989891914893917e+00,1.828989891914893917e+00,1.828989891914893917e+00,1.828989891914893917e+00,1.828989891914893917e+00
6.802468539619835219e+00,6.802468539619835219e+00,6.802468539619835219e+00,9.323383805582675654e-01,9.323383805582675654e-01,9.323383805582675654e-01,9.323383805582675654e-01,9.323383805582675654e-01,9.323383805582675654e-01,9.323383805582675654e-01,9.323383805582675654e-01,9.323383805582675654e-01,9.323383805582675654e-01,9.323383805582675654e-01,9.323383805582675654e-01,9.323383805582675654e-01,9.323383805582675654e-01,9.323383805582675654e-01,9.323383805582675654e-01,9.323383805582675654e-01,9.323383805582675654e-01
1.434859887684804924e+01,1.014989281465080495e+01,1.014989281465080495e+01,2.469910072396829914e+00,2.469910072396829914e+00,2.469910072396829914e+00,2.469910072396829914e+00,2.469910072396829914e+00,2.469910072396829914e+00,2.469910072396829914e+00,2.469910072396829914e+00,2.469910072396829914e+00,2.469910072396829914e+00,2.469910072396829914e+00,9.571829488542916708e-01,9.571829488542916708e-01,9.571829488542916708e-01,9.571829488542916708e-01,9.571829488542916708e-01,9.571829488542916708e-01,9.571829488542916708e-01
3.067613505143035102e+00,3.067613505143035102e+00,3.067613505143035102e+00,3.067613505143035102e+00,3.067613505143035102e+00,3.067613505143035102e+00,3.067613505143035102e+00,3.067613505143035102e+00,3.067613505143035102e+00,3.067613505143035102e+00,3.067613505143035102e+00,3.067613505143035102e+00,3.067613505143035102e+00,3.067613505143035102e+00,3.067613505143035102e+00,3.067613505143035102e+00,3.067613505143035102e+00,3.067613505143035102e+00,3.067613505143035102e+00,3.067613505143035102e+00,3.067613505143035102e+00
1.551413049639426944e+01,1.551413049639426944e+01,1.551413049639426944e+01,1.551413049639426944e+01,1.551413049639426944e+01,1.551413049639426944e+01,1.551413049639426944e+01,1.551413049639426944e+01,1.551413049639426944e+01,1.551413049639426944e+01,1.551413049639426944e+01,1.551413049639426944e+01,1.551413049639426944e+01,6.552531353711295026e+00,6.552531353711295026e+00,6.552531353711295026e+00,6.552531353711295026e+00,6.552531353711295026e+00,6.552531353711295026e+00,6.552531353711295026e+00,6.552531353711295026e+00
2.532226537349921536e+00,2.532226537349921536e+00,2.532226537349921536e+00,2.532226537349921536e+00,2.532226537349921536e+00,2.532226537349921536e+00,2.532226537349921536e+00,2.532226537349921536e+00,2.532226537349921536e+00,2.532226537349921536e+00,2.532226537349921536e+00,2.532226537349921536e+00,2.532226537349921536e+00,2.532226537349921536e+00,2.532226537349921536e+00,2.532226537349921536e+00,2.532226537349921536e+00,2.532226537349921536e+00,2.532226537349921536e+00,2.532226537349921536e+00,2.532226537349921536e+00
2.499512007542088909e+00,2.499512007542088909e+00,2.499512007542088909e+00,2.499512007542088909e+00,2.499512007542088909e+00,2.499512007542088909e+00,2.499512007542088909e+00,2.499512007542088909e+00,2.499512007542088909e+00,2.499512007542088909e+00,2.499512007542088909e+00,2.499512007542088909e+00,2.499512007542088909e+00,2.499512007542088909e+00,2.499512007542088909e+00,2.499512007542088909e+00,2.499512007542088909e+00,2.499512007542088909e+00,2.499512007542088909e+00,2.499512007542088909e+00,2.499512007542088909e+00
5.865096455221217031e-01,5.865096455221217031e-01,5.865096455221217031e-01,5.865096455221217031e-01,5.865096455221217031e-01,5.865096455221217031e-01,5.865096455221217031e-01,5.865096455221217031e-01,5.865096455221217031e-01,5.865096455221217031e-01,5.865096455221217031e-01,5.865096455221217031e-01,5.865096455221217031e-01,5.865096455221217031e-01,5.865096455221217031e-01,5.865096455221217031e-01,5.865096455221217031e-01,5.865096455221217031e-01,5.865096455221217031e-01,5.865096455221217031e-01,5.865096455221217031e-01
1.028825199428522907e+01,1.028825199428522907e+01,9.764711936645745993e+00,9.764711936645745993e+00,9.764711936645745993e+00,9.764711936645745993e+00,9.764711936645745993e+00,6.631873519734763356e+00,6.631873519734763356e+00,6.631873519734763356e+00,6.631873519734763356e+00,6.631873519734763356e+00,6.631873519734763356e+00,6.631873519734763356e+00,6.631873519734763356e+00,6.631873519734763356e+00,6.631873519734763356e+00,6.631873519734763356e+00,6.631873519734763356e+00,6.631873519734763356e+00,6.631873519734763356e+00
1.511124584903027213e+01,1.511124584903027213e+01,4.904397192803900962e-01,4.904397192803900962e-01,4.904397192803900962e-01,4.904397192803900962e-01,4.904397192803900962e-01,4.904397192803900962e-01,4.904397192803900962e-01,4.904397192803900962e-01,4.904397192803900962e-01,4.904397192803900962e-01,4.904397192803900962e-01,4.904397192803900962e-01,4.904397192803900962e-01,4.904397192803900962e-01,4.904397192803900962e-01,4.904397192803900962e-01,4.904397192803900962e-01,4.904397192803900962e-01,4.904397192803900962e-01
2.380412606450262647e+00,2.380412606450262647e+00,2.380412606450262647e+00,2.380412606450262647e+00,2.380412606450262647e+00,2.380412606450262647e+00,2.380412606450262647e+00,2.380412606450262647e+00,2.380412606450262647e+00,2.380412606450262647e+00,2.380412606450262647e+00,1.291025455278522305e+00,1.291025455278522305e+00,1.291025455278522305e+00,1.291025455278522305e+00,1.291025455278522305e+00,1.291025455278522305e+00,1.291025455278522305e+00,1.291025455278522305e+00,1.291025455278522305e+00,1.291025455278522305e+00
2.708285230052538495e+01,2.708285230052538495e+01,2.022198052940623825e+01,2.022198052940623825e+01,3.212933724306181738e+00,3.212933724306181738e+00,3.212933724306181738e+00,1.164184130929669214e+00,1.164184130929669214e+00,1.164184130929669214e+00,1.164184130929669214e+00,1.164184130929669214e+00,1.164184130929669214e+00,1.164184130929669214e+00,1.164184130929669214e+00,1.164184130929669214e+00,1.164184130929669214e+00,1.164184130929669214e+00,1.164184130929669214e+00,1.164184130929669214e+00,1.164184130929669214e+00
1.251566680872103809e+01,1.128360365947385802e+01,1.128360365947385802e+01,1.128360365947385802e+01,1.128360365947385802e+01,1.128360365947385802e+01,3.297964209447510342e+00,3.297964209447510342e+00,6.116896486404103245e-02,6.116896486404103245e-02,6.116896486404103245e-02,6.116896486404103245e-02,6.116896486404103245e-02,6.116896486404103245e-02,6.116896486404103245e-02,6.116896486404103245e-02,6.116896486404103245e-02,6.116896486404103245e-02,6.116896486404103245e-02,6.116896486404103245e-02,6.116896486404103245e-02
6.561466345229590047e+00,6.561466345229590047e+00,6.561466345229590047e+00,6.561466345229590047e+00,6.561466345229590047e+00,6.561466345229590047e+00,6.561466345229590047e+00,6.561466345229590047e+00,6.561466345229590047e+00,4.207872579433526106e+00,4.207872579433526106e+00,4.207872579433526106e+00,4.207872579433526106e+00,4.207872579433526106e+00,4.207872579433526106e+00,4.207872579433526106e+00,4.207872579433526106e+00,4.207872579433526106e+00,4.207872579433526106e+00,4.207872579433526106e+00,4.207872579433526106e+00
6.877875001534549781e+00,6.877875001534549781e+00,6.877875001534549781e+00,2.764111057491400736e+00,2.764111057491400736e+00,2.764111057491400736e+00,4.301263961420369042e-01,4.301263961420369042e-01,4.301263961420369042e-01,4.301263961420369042e-01,4.301263961420369042e-01,4.301263961420369042e-01,4.301263961420369042e-01,4.301263961420369042e-01,4.301263961420369042e-01,4.301263961420369042e-01,4.301263961420369042e-01,4.301263961420369042e-01,4.301263961420369042e-01,4.301263961420369042e-01,4.301263961420369042e-01
5.986996864018441222e-01,5.986996864018441222e-01,5.986996864018441222e-01,5.986996864018441222e-01,5.986996864018441222e-01,5.986996864018441222e-01,5.986996864018441222e-01,5.986996864018441222e-01,5.986996864018441222e-01,5.986996864018441222e-01,5.986996864018441222e-01,5.986996864018441222e-01,5.986996864018441222e-01,5.986996864018441222e-01,5.986996864018441222e-01,5.986996864018441222e-01,5.986996864018441222e-01,5.986996864018441222e-01,5.986996864018441222e-01,5.986996864018441222e-01,5.986996864018441222e-01
1.709089993163834009e+01,4.237156528128737776e+00,4.237156528128737776e+00,4.237156528128737776e+00,4.237156528128737776e+00,4.237156528128737776e+00,4.237156528128737776e+00,4.237156528128737776e+00,4.237156528128737776e+00,4.237156528128737776e+00,4.237156528128737776e+00,4.237156528128737776e+00,4.237156528128737776e+00,3.258961402693016041e+00,3.258961402693016041e+00,3.258961402693016041e+00,3.258961402693016041e+00,3.258961402693016041e+00,3.258961402693016041e+00,3.258961402693016041e+00,3.258961402693016041e+00
1.270306684876325498e+01,1.270306684876325498e+01,1.270306684876325498e+01,1.270306684876325498e+01,1.270306684876325498e+01,1.270306684876325498e+01,1.270306684876325498e+01,3.252807379979512081e+00,3.252807379979512081e+00,3.252807379979512081e+00,3.252807379979512081e+00,3.252807379979512081e+00,3.252807379979512081e+00,3.252807379979512081e+00,3.252807379979512081e+00,3.252807379979512081e+00,3.252807379979512081e+00,3.252807379979512081e+00,3.252807379979512081e+00,3.252807379979512081e+00,3.252807379979512081e+00
1.344761826701116325e+00,1.344761826701116325e+00,1.344761826701116325e+00,1.344761826701116325e+00,1.344761826701116325e+00,1.344761826701116325e+00,1.344761826701116325e+00,1.344761826701116325e+00,1.344761826701116325e+00,1.344761826701116325e+00,1.344761826701116325e+00,1.344761826701116325e+00,1.344761826701116325e+00,1.344761826701116325e+00,1.344761826701116325e+00,1.344761826701116325e+00,1.344761826701116325e+00,1.344761826701116325e+00,1.344761826701116325e+00,1.344761826701116325e+00,1.344761826701116325e+00
