1.513676229946356067e+01,6.025801284073640574e+00,5.488206005529505660e+00,5.488206005529505660e+00,3.088240730323854599e+00,2.985765766989389558e+00,1.658588027677926124e+00,5.967744524646851900e-01,1.000263882028138429e-01,1.000263882028138429e-01,1.000263882028138429e-01,1.000263882028138429e-01,1.000263882028138429e-01,1.000263882028138429e-01,1.000263882028138429e-01,1.000263882028138429e-01,1.000263882028138429e-01,1.000263882028138429e-01,1.000263882028138429e-01,1.000263882028138429e-01,1.000263882028138429e-01
1.948512006289873000e+01,1.096325027857493595e+01,1.096325027857493595e+01,1.421340812750289562e+00,1.421340812750289562e+00,1.421340812750289562e+00,1.421340812750289562e+00,1.421340812750289562e+00,1.421340812750289562e+00,1.421340812750289562e+00,1.421340812750289562e+00,1.421340812750289562e+00,1.421340812750289562e+00,1.421340812750289562e+00,1.421340812750289562e+00,1.421340812750289562e+00,1.421340812750289562e+00,1.421340812750289562e+00,1.421340812750289562e+00,1.421340812750289562e+00,1.421340812750289562e+00
6.802468539619835219e+00,1.985498150954779550e+00,1.499540285434854070e+00,1.969138705442661230e-01,5.174157761945067345e-03,5.174157761945067345e-03,5.174157761945067345e-03,5.174157761945067345e-03,5.174157761945067345e-03,5.174157761945067345e-03,5.174157761945067345e-03,5.174157761945067345e-03,5.174157761945067345e-03,5.174157761945067345e-03,2.530702017646940458e-03,2.530702017646940458e-03,2.530702017646940458e-03,2.530702017646940458e-03,2.530702017646940458e-03,2.530702017646940458e-03,2.530702017646940458e-03
1.434859887684804924e+01,1.434859887684804924e+01,3.908105927790731293e+00,1.291882115586850288e+00,1.291882115586850288e+00,1.045501975965963837e+00,1.045501975965963837e+00,2.208388742414523764e-01,2.172591196898331772e-02,2.172591196898331772e-02,2.172591196898331772e-02,2.172591196898331772e-02,2.172591196898331772e-02,2.172591196898331772e-02,2.172591196898331772e-02,2.172591196898331772e-02,2.172591196898331772e-02,2.172591196898331772e-02,2.172591196898331772e-02,2.172591196898331772e-02,2.172591196898331772e-02
3.067613505143035102e+00,1.485828637183655765e+00,1.425351599597849850e+00,1.425351599597849850e+00,1.425351599597849850e+00,1.425351599597849850e+00,1.425351599597849850e+00,1.425351599597849850e+00,1.425351599597849850e+00,1.425351599597849850e+00,1.425351599597849850e+00,1.099381902829770219e+00,1.099381902829770219e+00,1.099381902829770219e+00,6.597280735928753304e-01,2.687930219607505000e-01,5.023947047776392699e-02,5.023947047776392699e-02,5.023947047776392699e-02,3.797751251997439487e-02,3.797751251997439487e-02
1.551413049639426944e+01,9.215744262305101131e+00,3.005992392454151840e+00,3.005992392454151840e+00,3.005992392454151840e+00,3.005992392454151840e+00,3.005992392454151840e+00,3.005992392454151840e+00,2.225212332370487101e+00,2.225212332370487101e+00,2.225212332370487101e+00,2.225212332370487101e+00,2.225212332370487101e+00,2.225212332370487101e+00,2.148131409556447657e+00,2.148131409556447657e+00,2.148131409556447657e+00,1.352550256538656015e+00,1.352550256538656015e+00,1.352550256538656015e+00,1.352550256538656015e+00
2.532226537349921536e+00,2.532226537349921536e+00,2.532226537349921536e+00,2.532226537349921536e+00,2.532226537349921536e+00,2.532226537349921536e+00,2.532226537349921536e+00,2.532226537349921536e+00,9.919793079992310636e-01,6.358715269384678237e-01,5.511163126509823762e-01,2.799503565441235908e-02,6.444354455294723158e-03,6.444354455294723158e-03,6.444354455294723158e-03,6.444354455294723158e-03,6.444354455294723158e-03,6.444354455294723158e-03,6.444354455294723158e-03,6.444354455294723158e-03,6.444354455294723158e-03
2.499512007542088909e+00,2.499512007542088909e+00,1.545978093425822486e+00,1.545978093425822486e+00,1.775189434408368239e-01,1.775189434408368239e-01,1.775189434408368239e-01,1.775189434408368239e-01,1.775189434408368239e-01,1.775189434408368239e-01,1.775189434408368239e-01,1.775189434408368239e-01,1.775189434408368239e-01,1.775189434408368239e-01,1.775189434408368239e-01,1.775189434408368239e-01,1.775189434408368239e-01,1.775189434408368239e-01,1.775189434408368239e-01,1.775189434408368239e-01,1.775189434408368239e-01
5.865096455221217031e-01,5.865096455221217031e-01,5.865096455221217031e-01,1.277449679682357564e-01,1.277449679682357564e-01,1.277449679682357564e-01,1.277449679682357564e-01,1.277449679682357564e-01,1.277449679682357564e-01,1.277449679682357564e-01,1.277449679682357564e-01,1.277449679682357564e-01,1.277449679682357564e-01,1.277449679682357564e-01,1.277449679682357564e-01,1.277449679682357564e-01,1.277449679682357564e-01,1.277449679682357564e-01,1.277449679682357564e-01,1.277449679682357564e-01,1.277449679682357564e-01
1.028825199428522907e+01,1.028825199428522907e+01,2.504109316424949050e+00,2.504109316424949050e+00,1.512471296838140411e+00,1.512471296838140411e+00,1.103640349693941980e+00,1.103640349693941980e+00,1.103640349693941980e+00,1.103640349693941980e+00,1.103640349693941980e+00,1.103640349693941980e+00,3.806563047509868292e-01,3.806563047509868292e-01,3.806563047509868292e-01,3.806563047509868292e-01,3.806563047509868292e-01,3.806563047509868292e-01,3.806563047509868292e-01,2.021557133274421159e-01,1.227149982979405529e-01
1.511124584903027213e+01,1.427061878129858741e+01,1.002451551871198276e+01,3.980694859437069688e+00,9.881665108546446863e-01,1.934333707178543804e-01,3.769617916047618422e-02,3.769617916047618422e-02,3.769617916047618422e-02,3.769617916047618422e-02,3.769617916047618422e-02,3.769617916047618422e-02,3.769617916047618422e-02,3.769617916047618422e-02,3.769617916047618422e-02,3.769617916047618422e-02,3.769617916047618422e-02,3.769617916047618422e-02,3.769617916047618422e-02,3.769617916047618422e-02,3.769617916047618422e-02
2.380412606450262647e+00,7.898714562254844918e-01,7.898714562254844918e-01,7.898714562254844918e-01,7.898714562254844918e-01,7.898714562254844918e-01,7.898714562254844918e-01,7.898714562254844918e-01,7.898714562254844918e-01,7.898714562254844918e-01,6.306361379429399339e-01,2.886685192334582650e-01,2.886685192334582650e-01,2.886685192334582650e-01,7.856710762795487968e-02,8.929375921010264394e-03,8.929375921010264394e-03,8.929375921010264394e-03,8.929375921010264394e-03,8.929375921010264394e-03,8.929375921010264394e-03
2.708285230052538495e+01,2.708285230052538495e+01,4.547833912912490284e+00,4.547833912912490284e+00,4.106416726482617463e+00,4.106416726482617463e+00,2.639968716594943476e+00,2.370432400213308366e+00,2.370432400213308366e+00,1.966846972355050571e+00,1.966846972355050571e+00,1.966846972355050571e+00,1.036149711625265590e+00,4.213094681144289311e-01,4.213094681144289311e-01,4.213094681144289311e-01,2.107187595436847971e-01,2.107187595436847971e-01,2.107187595436847971e-01,2.107187595436847971e-01,2.107187595436847971e-01
1.251566680872103809e+01,1.251566680872103809e+01,1.251566680872103809e+01,4.770716380734450368e+00,1.678574343879398745e+00,1.678574343879398745e+00,1.678574343879398745e+00,7.986597369481879261e-01,7.986597369481879261e-01,6.305990811456744227e-01,6.305990811456744227e-01,6.305990811456744227e-01,6.305990811456744227e-01,6.305990811456744227e-01,6.305990811456744227e-01,6.305990811456744227e-01,6.305990811456744227e-01,6.305990811456744227e-01,6.305990811456744227e-01,3.146339388286292227e-01,3.146339388286292227e-01
6.561466345229590047e+00,6.561466345229590047e+00,3.719676238198728058e+00,3.719676238198728058e+00,2.866032261805907311e+00,2.866032261805907311e+00,9.440776687979602899e-01,7.902092430004155066e-01,6.457824629490508395e-01,6.457824629490508395e-01,6.457824629490508395e-01,6.457824629490508395e-01,6.457824629490508395e-01,6.457824629490508395e-01,6.457824629490508395e-01,2.245682520077159072e-01,2.245682520077159072e-01,8.320655567635765193e-02,8.320655567635765193e-02,4.594801188293116956e-02,4.594801188293116956e-02
6.877875001534549781e+00,4.143872109498187406e+00,1.439048987318385597e+00,1.439048987318385597e+00,8.037303471822090373e-01,8.037303471822090373e-01,1.851624981456133356e-01,1.851624981456133356e-01,1.851624981456133356e-01,1.258405856679035706e-01,1.258405856679035706e-01,1.258405856679035706e-01,1.258405856679035706e-01,1.258405856679035706e-01,1.258405856679035706e-01,1.258405856679035706e-01,1.258405856679035706e-01,1.258405856679035706e-01,1.258405856679035706e-01,1.258405856679035706e-01,8.423689082874803724e-02
5.986996864018441222e-01,5.986996864018441222e-01,5.986996864018441222e-01,5.986996864018441222e-01,5.986996864018441222e-01,5.986996864018441222e-01,5.986996864018441222e-01,5.986996864018441222e-01,5.986996864018441222e-01,6.062884697861256611e-02,6.062884697861256611e-02,6.062884697861256611e-02,6.062884697861256611e-02,4.574649456233353256e-03,4.574649456233353256e-03,4.574649456233353256e-03,4.574649456233353256e-03,4.574649456233353256e-03,4.574649456233353256e-03,4.574649456233353256e-03,4.574649456233353256e-03
1.709089993163834009e+01,9.226222523398231345e+00,4.891569330265420845e+00,1.076734849278128792e+00,6.923884886179380027e-01,2.397757087613788807e-01,2.397757087613788807e-01,2.397757087613788807e-01,2.397757087613788807e-01,2.397757087613788807e-01,2.397757087613788807e-01,6.877333495708637390e-02,6.877333495708637390e-02,6.877333495708637390e-02,6.877333495708637390e-02,6.877333495708637390e-02,6.877333495708637390e-02,6.877333495708637390e-02,6.877333495708637390e-02,6.877333495708637390e-02,6.877333495708637390e-02
1.270306684876325498e+01,1.270306684876325498e+01,4.949655077984097318e+00,1.548221501285861335e+00,2.772878269369588033e-01,2.772878269369588033e-01,2.772878269369588033e-01,2.772878269369588033e-01,2.772878269369588033e-01,2.772878269369588033e-01,2.772878269369588033e-01,2.772878269369588033e-01,2.772878269369588033e-01,2.772878269369588033e-01,2.772878269369588033e-01,2.772878269369588033e-01,2.772878269369588033e-01,2.772878269369588033e-01,2.772878269369588033e-01,1.757053514967041874e-01,1.757053514967041874e-01
1.344761826701116325e+00,1.344761826701116325e+00,5.927149210561084569e-01,5.927149210561084569e-01,5.927149210561084569e-01,5.927149210561084569e-01,5.927149210561084569e-01,5.927149210561084569e-01,5.927149210561084569e-01,5.927149210561084569e-01,5.927149210561084569e-01,5.927149210561084569e-01,5.927149210561084569e-01,5.927149210561084569e-01,5.927149210561084569e-01,5.927149210561084569e-01,5.927149210561084569e-01,5.927149210561084569e-01,5.927149210561084569e-01,5.927149210561084569e-01,5.927149210561084569e-01
