1.513676229946356067e+01,2.688758327192336317e+00,3.098107859321807545e-01,3.098107859321807545e-01,3.098107859321807545e-01,3.098107859321807545e-01,3.098107859321807545e-01,3.098107859321807545e-01,3.098107859321807545e-01,3.098107859321807545e-01,3.098107859321807545e-01,3.043171271329836447e-01,2.946663713372842386e-01,2.851943666881781025e-01,2.851943666881781025e-01,2.851943666881781025e-01,2.851943666881781025e-01,2.851943666881781025e-01,2.851943666881781025e-01,2.851943666881781025e-01,2.851943666881781025e-01
1.948512006289873000e+01,6.909345367320957720e+00,6.909345367320957720e+00,6.909345367320957720e+00,6.909345367320957720e+00,6.909345367320957720e+00,6.909345367320957720e+00,6.909345367320957720e+00,9.566243541087376956e-01,9.566243541087376956e-01,9.566243541087376956e-01,9.566243541087376956e-01,9.566243541087376956e-01,9.566243541087376956e-01,9.566243541087376956e-01,9.566243541087376956e-01,9.566243541087376956e-01,9.566243541087376956e-01,9.566243541087376956e-01,9.566243541087376956e-01,9.566243541087376956e-01
6.802468539619835219e+00,6.802468539619835219e+00,3.004504505461799369e+00,3.004504505461799369e+00,1.454048122553642353e+00,1.454048122553642353e+00,1.454048122553642353e+00,1.454048122553642353e+00,1.454048122553642353e+00,6.256653914439914699e-01,3.037021913185073418e-01,3.037021913185073418e-01,3.037021913185073418e-01,3.037021913185073418e-01,3.037021913185073418e-01,3.037021913185073418e-01,3.037021913185073418e-01,3.037021913185073418e-01,3.037021913185073418e-01,3.037021913185073418e-01,3.037021913185073418e-01
1.434859887684804924e+01,1.434859887684804924e+01,1.434859887684804924e+01,1.434859887684804924e+01,1.434859887684804924e+01,1.434859887684804924e+01,1.434859887684804924e+01,1.434859887684804924e+01,1.434859887684804924e+01,1.434859887684804924e+01,1.434859887684804924e+01,1.434859887684804924e+01,1.434859887684804924e+01,1.434859887684804924e+01,1.434859583721896925e+01,1.434859583721896925e+01,1.434859583721896925e+01,1.434857549745692040e+01,1.434857034679971122e+01,1.434857034679971122e+01,1.434829917044226200e+01
3.067613505143035102e+00,3.067613505143035102e+00,3.067613505143035102e+00,3.067613505143035102e+00,3.067613505143035102e+00,3.067613505143035102e+00,3.067613505143035102e+00,3.067613505143035102e+00,3.067613505143035102e+00,3.067613505143035102e+00,2.703814780914442828e+00,2.703814780914442828e+00,2.703814780914442828e+00,2.703814780914442828e+00,2.703814780914442828e+00,1.402119792390002395e+00,1.063307402006719471e+00,1.063307402006719471e+00,1.063307402006719471e+00,1.063307402006719471e+00,1.063307402006719471e+00
1.551413049639426944e+01,1.551413049639426944e+01,9.741773007625095460e+00,9.741773007625095460e+00,9.741773007625095460e+00,8.341784612469412608e+00,3.763585908397343971e+00,4.319693015210991915e-01,4.319693015210991915e-01,4.319693015210991915e-01,4.319693015210991915e-01,4.319693015210991915e-01,4.319693015210991915e-01,4.319693015210991915e-01,4.319693015210991915e-01,4.319693015210991915e-01,4.319693015210991915e-01,4.319693015210991915e-01,4.319693015210991915e-01,4.319693015210991915e-01,4.319693015210991915e-01
2.532226537349921536e+00,2.532226537349921536e+00,2.532226537349921536e+00,2.532226537349921536e+00,2.532226537349921536e+00,2.532226537349921536e+00,2.532226537349921536e+00,2.532226537349921536e+00,2.532226537349921536e+00,2.532226537349921536e+00,2.532226537349921536e+00,2.532226537349921536e+00,2.532226537349921536e+00,2.169258899063842616e+00,2.169258899063842616e+00,2.026603874756134349e+00,1.716598305712472960e+00,1.320473639221393158e+00,1.313655447243844865e+00,1.266200302730643434e+00,1.266200302730643434e+00
2.499512007542088909e+00,2.499512007542088909e+00,2.499512007542088909e+00,2.499512007542088909e+00,2.499512007542088909e+00,2.499512007542088909e+00,2.499512007542088909e+00,2.499512007542088909e+00,2.499512007542088909e+00,2.499512007542088909e+00,1.415877042070180503e+00,1.415877042070180503e+00,1.415877042070180503e+00,1.159668973864767416e+00,7.834118694207063971e-01,7.545198835765132284e-01,7.299431108006468882e-01,7.054912712333722968e-01,6.840600465114274886e-01,6.592280775047861807e-01,6.262645553895551664e-01
5.865096455221217031e-01,5.865096455221217031e-01,5.865096455221217031e-01,5.865096455221217031e-01,5.865096455221217031e-01,5.865096455221217031e-01,5.865096455221217031e-01,5.865096455221217031e-01,5.865096455221217031e-01,2.768430131768458979e-01,2.768430131768458979e-01,2.768430131768458979e-01,2.768430131768458979e-01,2.751398117932788989e-01,2.739231910241740064e-01,2.712769156693456418e-01,2.690216391359971371e-01,2.668032805426988063e-01,2.638203796182710947e-01,2.616574546435456172e-01,2.606190667136622507e-01
1.028825199428522907e+01,1.028825199428522907e+01,1.028825199428522907e+01,7.457043601903848185e+00,7.457043601903848185e+00,7.457043601903848185e+00,7.457043601903848185e+00,1.417069110498667461e+00,1.417069110498667461e+00,1.417069110498667461e+00,1.417069110498667461e+00,1.417069110498667461e+00,1.417069110498667461e+00,1.417069110498667461e+00,1.417069110498667461e+00,1.417069110498667461e+00,1.417069110498667461e+00,1.417069110498667461e+00,1.417069110498667461e+00,1.417069110498667461e+00,1.417069110498667461e+00
1.511124584903027213e+01,1.511124584903027213e+01,1.185099713298863833e+01,1.185099713298863833e+01,1.185099713298863833e+01,1.185099713298863833e+01,6.476371770269775396e+00,6.476371770269775396e+00,6.476371770269775396e+00,6.476371770269775396e+00,6.476371770269775396e+00,2.811043842878260701e+00,2.544115038955047314e+00,2.465988317372436622e+00,2.418347943138550171e+00,2.385546998366153471e+00,2.354988085531880326e+00,2.330766171497941297e+00,2.307073746133344372e+00,2.284669684492141251e+00,2.263480991809742715e+00
2.380412606450262647e+00,2.380412606450262647e+00,2.380412606450262647e+00,2.380412606450262647e+00,2.380412606450262647e+00,2.380412606450262647e+00,2.380412606450262647e+00,1.632818429034299301e+00,1.507795243819130437e+00,1.447071704957876292e+00,1.402084851096294882e+00,1.362411828937345692e+00,1.323711103323409688e+00,1.283008311844288540e+00,1.237756642420674957e+00,1.184988381558925719e+00,1.115984617055356676e+00,1.018532558665703469e+00,8.821636428361392390e-01,7.263784458990761861e-01,6.284975264939712813e-01
2.708285230052538495e+01,2.705357562341847455e+01,2.177678107776288741e+01,1.618575634463767443e+01,2.814558950273841287e+00,2.814558950273841287e+00,7.356917202606829687e-01,7.356917202606829687e-01,7.356917202606829687e-01,7.356917202606829687e-01,7.356917202606829687e-01,5.079355190471941395e-01,5.000920528518111308e-01,4.994468481034890495e-01,4.988843241153166908e-01,4.983971310251396614e-01,4.980081610430028283e-01,4.975769598107342984e-01,4.972289022507092038e-01,4.968379626327482645e-01,4.963440488742749124e-01
1.251566680872103809e+01,1.251566680872103809e+01,1.251566680872103809e+01,1.242547231455500878e+01,1.242547231455500878e+01,6.575753005749169766e+00,4.027650942365538000e+00,1.114989569130909963e+00,1.102268154199766315e+00,1.102268154199766315e+00,1.102268154199766315e+00,1.102268154199766315e+00,1.102268154199766315e+00,1.102268154199766315e+00,1.102268154199766315e+00,1.102268154199766315e+00,1.102268154199766315e+00,1.102268154199766315e+00,1.102268154199766315e+00,1.102268154199766315e+00,1.102268154199766315e+00
6.561466345229590047e+00,6.561466345229590047e+00,6.561466345229590047e+00,6.561466345229590047e+00,2.032209046209439762e+00,2.032209046209439762e+00,9.805787381430593197e-02,9.805787381430593197e-02,9.805787381430593197e-02,9.805787381430593197e-02,9.805787381430593197e-02,9.805787381430593197e-02,9.805787381430593197e-02,9.805787381430593197e-02,9.805787381430593197e-02,9.805787381430593197e-02,9.805787381430593197e-02,9.805787381430593197e-02,9.805787381430593197e-02,9.805787381430593197e-02,9.805787381430593197e-02
6.877875001534549781e+00,5.176600002786367227e+00,5.176600002786367227e+00,5.176600002786367227e+00,5.176600002786367227e+00,2.041789329851519952e+00,2.041789329851519952e+00,1.952283074188658762e+00,1.952283074188658762e+00,1.952283074188658762e+00,1.952283074188658762e+00,1.952283074188658762e+00,1.952283074188658762e+00,1.952283074188658762e+00,1.952283074188658762e+00,1.952283074188658762e+00,1.952283074188658762e+00,1.952283074188658762e+00,1.950440167226901389e+00,1.946923469439657328e+00,1.935829495557589430e+00
5.986996864018441222e-01,5.986996864018441222e-01,5.986996864018441222e-01,9.224184232978123454e-02,5.660974368679375091e-02,5.660974368679375091e-02,5.660974368679375091e-02,1.420858579267010591e-02,1.420858579267010591e-02,1.420858579267010591e-02,1.420858579267010591e-02,1.420858579267010591e-02,1.420858579267010591e-02,1.420858579267010591e-02,1.420858579267010591e-02,1.420858579267010591e-02,1.420858579267010591e-02,1.420858579267010591e-02,1.420858579267010591e-02,1.420858579267010591e-02,1.420858579267010591e-02
1.709089993163834009e+01,2.413752951252506218e+00,2.413752951252506218e+00,2.413752951252506218e+00,2.413752951252506218e+00,2.413752951252506218e+00,2.413752951252506218e+00,2.413752951252506218e+00,2.413752951252506218e+00,2.413752951252506218e+00,2.413752951252506218e+00,2.413752951252506218e+00,2.413752951252506218e+00,2.413752951252506218e+00,2.413752951252506218e+00,2.413752951252506218e+00,2.413752951252506218e+00,2.413752951252506218e+00,2.413752951252506218e+00,2.413752951252506218e+00,2.413752951252506218e+00
1.270306684876325498e+01,8.016746373680030402e+00,6.160982829209227241e+00,6.160982829209227241e+00,5.470481405856931545e+00,5.470481405856931545e+00,5.470481405856931545e+00,5.415403977846596995e+00,5.373979510551993855e+00,5.338604455917625558e+00,5.305968761664856537e+00,5.274090305006985169e+00,5.242370002416613772e+00,5.209491879123068436e+00,5.175650072055363538e+00,5.138858396277966811e+00,5.099012314756196318e+00,5.056113673382391482e+00,4.997799754633190261e+00,4.937313985109134329e+00,4.847325802585623400e+00
1.344761826701116325e+00,1.344761826701116325e+00,1.344761826701116325e+00,4.621067618651499287e-01,4.621067618651499287e-01,4.621067618651499287e-01,4.621067618651499287e-01,4.621067618651499287e-01,4.621067618651499287e-01,4.621067618651499287e-01,4.621067618651499287e-01,4.418842702765940489e-01,3.478439455789085755e-01,3.478439455789085755e-01,1.227763050125963429e-01,1.227763050125963429e-01,1.227763050125963429e-01,1.227763050125963429e-01,1.227763050125963429e-01,1.227763050125963429e-01,1.227763050125963429e-01
