1.513676229946356067e+01,6.025801572919525562e+00,5.488203675015133953e+00,5.488203675015133953e+00,3.088243226575142053e+00,2.985778512708754828e+00,2.985778512708754828e+00,1.658989205492701569e+00,5.949162133880752101e-01,1.266562016997996865e-01,1.266562016997996865e-01,1.266562016997996865e-01,1.266562016997996865e-01,1.180963584883448214e-01,1.180963584883448214e-01,1.180963584883448214e-01,1.180963584883448214e-01,1.180963584883448214e-01,1.180963584883448214e-01,1.180963584883448214e-01,1.180963584883448214e-01
1.948512006289873000e+01,1.096325634705873142e+01,1.096325634705873142e+01,1.421341312780520783e+00,1.421341312780520783e+00,1.421341312780520783e+00,1.421341312780520783e+00,1.421341312780520783e+00,1.421341312780520783e+00,1.421341312780520783e+00,1.421341312780520783e+00,1.421341312780520783e+00,1.421341312780520783e+00,1.421341312780520783e+00,1.421341312780520783e+00,1.421341312780520783e+00,1.421341312780520783e+00,7.319160924681425984e-01,2.272889087502156374e-02,2.272889087502156374e-02,7.341354627536780808e-03
6.802468539619835219e+00,1.985501361410292986e+00,1.985501361410292986e+00,2.519380020879681270e-01,5.153150277539661397e-04,2.662640239371087350e-05,1.143816758584115249e-05,1.143816758584115249e-05,1.143816758584115249e-05,1.143816758584115249e-05,1.143816758584115249e-05,1.143816758584115249e-05,1.143816758584115249e-05,1.143816758584115249e-05,1.143816758584115249e-05,1.143816758584115249e-05,1.143816758584115249e-05,1.143816758584115249e-05,1.143816758584115249e-05,1.143816758584115249e-05,1.143816758584115249e-05
1.434859887684804924e+01,1.434859887684804924e+01,1.434859887684804924e+01,1.434859887684804924e+01,1.434859887684804924e+01,6.244561205506766299e+00,2.631978175228318673e+00,2.631978175228318673e+00,2.631978175228318673e+00,2.182750720977738368e+00,2.182750720977738368e+00,1.479286532798761711e-01,1.479286532798761711e-01,1.479286532798761711e-01,5.209995721372043948e-02,5.209995721372043948e-02,5.209995721372043948e-02,5.209995721372043948e-02,5.209995721372043948e-02,5.209995721372043948e-02,5.209995721372043948e-02
3.067613505143035102e+00,1.337007286648720594e+00,1.337007286648720594e+00,1.104229539550437567e+00,1.022308918411447332e+00,9.948320300637616409e-01,9.948320300637616409e-01,9.948320300637616409e-01,9.948320300637616409e-01,9.948320300637616409e-01,9.948320300637616409e-01,9.948320300637616409e-01,9.948320300637616409e-01,9.948320300637616409e-01,9.948320300637616409e-01,9.948320300637616409e-01,9.948320300637616409e-01,9.948320300637616409e-01,9.948320300637616409e-01,9.948320300637616409e-01,9.948320300637616409e-01
1.551413049639426944e+01,1.551413049639426944e+01,3.016593573724752897e+00,3.016593573724752897e+00,3.016593573724752897e+00,3.016593573724752897e+00,3.016593573724752897e+00,3.016593573724752897e+00,3.016593573724752897e+00,3.016593573724752897e+00,3.016593573724752897e+00,3.016593573724752897e+00,2.805897779907619238e+00,2.805897779907619238e+00,2.407030195411280715e+00,2.407030195411280715e+00,2.407030195411280715e+00,2.407030195411280715e+00,2.407030195411280715e+00,2.407030195411280715e+00,2.407030195411280715e+00
2.532226537349921536e+00,2.532226537349921536e+00,2.532226537349921536e+00,2.532226537349921536e+00,2.532226537349921536e+00,2.532226537349921536e+00,2.532226537349921536e+00,2.532226537349921536e+00,9.919785837836043729e-01,6.358718109949320629e-01,5.511165770568583477e-01,2.799571275635560560e-02,3.787759230756582596e-04,3.787759230756582596e-04,3.787759230756582596e-04,3.787759230756582596e-04,3.787759230756582596e-04,3.787759230756582596e-04,3.787759230756582596e-04,3.787759230756582596e-04,3.787759230756582596e-04
2.499512007542088909e+00,2.499512007542088909e+00,1.545980379877048838e+00,1.545980379877048838e+00,1.775200060495382703e-01,1.775200060495382703e-01,1.775200060495382703e-01,1.775200060495382703e-01,1.775200060495382703e-01,1.775200060495382703e-01,1.775200060495382703e-01,1.775200060495382703e-01,1.775200060495382703e-01,1.775200060495382703e-01,1.775200060495382703e-01,1.775200060495382703e-01,1.775200060495382703e-01,1.775200060495382703e-01,1.775200060495382703e-01,1.775200060495382703e-01,1.775200060495382703e-01
5.865096455221217031e-01,5.865096455221217031e-01,5.865096455221217031e-01,1.207139686367934422e-01,1.207139686367934422e-01,1.207139686367934422e-01,1.207139686367934422e-01,1.207139686367934422e-01,1.207139686367934422e-01,1.207139686367934422e-01,1.207139686367934422e-01,1.207139686367934422e-01,1.207139686367934422e-01,1.207139686367934422e-01,1.207139686367934422e-01,1.207139686367934422e-01,1.207139686367934422e-01,1.207139686367934422e-01,1.207139686367934422e-01,1.207139686367934422e-01,1.207139686367934422e-01
1.028825199428522907e+01,1.028825199428522907e+01,2.504100418167266362e+00,2.504100418167266362e+00,1.512466513160103609e+00,1.512466513160103609e+00,1.103638055520629102e+00,1.103638055520629102e+00,1.103638055520629102e+00,1.103638055520629102e+00,1.103638055520629102e+00,1.103638055520629102e+00,1.103638055520629102e+00,3.849969050727882203e-01,3.849969050727882203e-01,3.849969050727882203e-01,3.849969050727882203e-01,3.849969050727882203e-01,3.849969050727882203e-01,3.849969050727882203e-01,3.849969050727882203e-01
1.511124584903027213e+01,1.427061795133085198e+01,1.002450558746282994e+01,3.980687634283881060e+00,9.881653125364198154e-01,1.931369116497619887e-01,1.516684825870524278e-01,1.516684825870524278e-01,1.516684825870524278e-01,1.365157198383175688e-02,1.365157198383175688e-02,1.365157198383175688e-02,1.365157198383175688e-02,1.284173965345499283e-03,1.284173965345499283e-03,1.284173965345499283e-03,1.284173965345499283e-03,1.284173965345499283e-03,1.284173965345499283e-03,1.284173965345499283e-03,1.284173965345499283e-03
2.380412606450262647e+00,7.898717709233981088e-01,7.898717709233981088e-01,7.898717709233981088e-01,7.898717709233981088e-01,7.898717709233981088e-01,7.898717709233981088e-01,7.898717709233981088e-01,7.898717709233981088e-01,7.898717709233981088e-01,7.898717709233981088e-01,7.898717709233981088e-01,6.335318271449690286e-01,2.362358197776936453e-01,2.362358197776936453e-01,2.362358197776936453e-01,2.362358197776936453e-01,2.856673941055867458e-02,8.995552793278892637e-03,8.995552793278892637e-03,8.995552793278892637e-03
2.708285230052538495e+01,1.160480414918985836e+01,3.066985140971637769e+00,3.066985140971637769e+00,3.066985140971637769e+00,3.066985140971637769e+00,3.066985140971637769e+00,3.066985140971637769e+00,3.066985140971637769e+00,3.066985140971637769e+00,3.066985140971637769e+00,2.206801148634515819e+00,8.720395366733303399e-01,1.172158677110855252e-01,7.776413081772778901e-02,7.776413081772778901e-02,4.820394804487858689e-03,4.737892439681450595e-03,4.737892439681450595e-03,4.737892439681450595e-03,4.737892439681450595e-03
1.251566680872103809e+01,1.251566680872103809e+01,1.251566680872103809e+01,4.770715238428042682e+00,1.678574061985404819e+00,1.678574061985404819e+00,1.678574061985404819e+00,8.194061641314102085e-01,8.194061641314102085e-01,7.101479285783338646e-01,7.101479285783338646e-01,7.101479285783338646e-01,7.101479285783338646e-01,3.362026387428479479e-01,3.362026387428479479e-01,3.362026387428479479e-01,3.362026387428479479e-01,3.362026387428479479e-01,3.362026387428479479e-01,3.362026387428479479e-01,2.645909436691515904e-01
6.561466345229590047e+00,6.561466345229590047e+00,3.719676161270541570e+00,3.719676161270541570e+00,2.866030073941145950e+00,2.866030073941145950e+00,9.440774467304279272e-01,9.440774467304279272e-01,9.440774467304279272e-01,9.440774467304279272e-01,6.027501143043991760e-01,6.027501143043991760e-01,6.027501143043991760e-01,6.027501143043991760e-01,6.027501143043991760e-01,6.027501143043991760e-01,2.177797537066008260e-01,2.177797537066008260e-01,2.177797537066008260e-01,7.589224003076690261e-02,6.399210619511223885e-02
6.877875001534549781e+00,4.143872037323482971e+00,1.439048716156254848e+00,1.439048716156254848e+00,8.037306317439952830e-01,8.037306317439952830e-01,9.919926273463466893e-02,9.919926273463466893e-02,9.919926273463466893e-02,9.919926273463466893e-02,9.919926273463466893e-02,9.919926273463466893e-02,1.500976704315927154e-02,1.500976704315927154e-02,1.500976704315927154e-02,1.500976704315927154e-02,4.786992722367074257e-04,4.786992722367074257e-04,4.786992722367074257e-04,4.786992722367074257e-04,4.786992722367074257e-04
5.986996864018441222e-01,5.986996864018441222e-01,5.986996864018441222e-01,5.986996864018441222e-01,5.986996864018441222e-01,5.986996864018441222e-01,5.986996864018441222e-01,5.986996864018441222e-01,5.986996864018441222e-01,5.986996864018441222e-01,5.986996864018441222e-01,5.986996864018441222e-01,5.986996864018441222e-01,5.986996864018441222e-01,5.986996864018441222e-01,5.986996864018441222e-01,5.986996864018441222e-01,5.986996864018441222e-01,5.955077263091471118e-02,5.955077263091471118e-02,5.955077263091471118e-02
1.709089993163834009e+01,9.226223789337758774e+00,4.891574819431327548e+00,1.076736295138513322e+00,1.076736295138513322e+00,4.697750366305705194e-01,4.697750366305705194e-01,4.697750366305705194e-01,4.697750366305705194e-01,4.697750366305705194e-01,4.697750366305705194e-01,4.697750366305705194e-01,4.697750366305705194e-01,4.697750366305705194e-01,4.697750366305705194e-01,4.697750366305705194e-01,4.697750366305705194e-01,4.697750366305705194e-01,4.697750366305705194e-01,4.697750366305705194e-01,4.697750366305705194e-01
1.270306684876325498e+01,1.270306684876325498e+01,4.949651510365079332e+00,1.548219776633313671e+00,1.304582896486525589e+00,2.837184550231031110e-01,2.837184550231031110e-01,2.837184550231031110e-01,2.837184550231031110e-01,2.837184550231031110e-01,2.837184550231031110e-01,2.837184550231031110e-01,2.837184550231031110e-01,2.837184550231031110e-01,2.837184550231031110e-01,2.837184550231031110e-01,2.837184550231031110e-01,2.837184550231031110e-01,2.837184550231031110e-01,2.837184550231031110e-01,2.837184550231031110e-01
1.344761826701116325e+00,1.344761826701116325e+00,6.793954986744589197e-01,6.793954986744589197e-01,6.793954986744589197e-01,6.793954986744589197e-01,6.793954986744589197e-01,6.653988495137701520e-01,6.653988495137701520e-01,6.653988495137701520e-01,6.653988495137701520e-01,6.653988495137701520e-01,6.653988495137701520e-01,6.653988495137701520e-01,6.653988495137701520e-01,6.653988495137701520e-01,6.653988495137701520e-01,6.653988495137701520e-01,4.112217329090415707e-01,2.341939552412425074e-01,2.341939552412425074e-01
