1.513676229946356067e+01,1.513676229946356067e+01,1.513676229946356067e+01,1.513676229946356067e+01,1.513676229946356067e+01,4.031952967812447497e+00,4.031952967812447497e+00,4.031952967812447497e+00,4.031952967812447497e+00,4.031952967812447497e+00,4.031952967812447497e+00,3.934446501081309222e+00,3.934446501081309222e+00,3.934446501081309222e+00,3.934446501081309222e+00,3.934446501081309222e+00,3.743971554091246823e+00,3.743971554091246823e+00,3.743971554091246823e+00,3.743971554091246823e+00,3.743971554091246823e+00
1.948512006289873000e+01,1.850321291608771190e+01,1.850321291608771190e+01,1.850321291608771190e+01,1.847966088921891270e+01,1.034026396062784414e+01,1.034026396062784414e+01,1.034026396062784414e+01,1.212208605890319646e+00,1.212208605890319646e+00,1.212208605890319646e+00,1.212208605890319646e+00,1.212208605890319646e+00,1.212208605890319646e+00,1.212208605890319646e+00,1.212208605890319646e+00,1.212208605890319646e+00,1.212208605890319646e+00,1.212208605890319646e+00,1.212208605890319646e+00,1.212208605890319646e+00
6.802468539619835219e+00,6.802468539619835219e+00,6.802468539619835219e+00,5.795032640886457642e+00,5.795032640886457642e+00,5.795032640886457642e+00,5.061332110508983462e+00,5.061332110508983462e+00,1.104691676006265277e+00,8.742626123770028679e-01,8.742626123770028679e-01,8.742626123770028679e-01,3.899090321022840588e-01,3.899090321022840588e-01,3.899090321022840588e-01,3.899090321022840588e-01,3.899090321022840588e-01,3.899090321022840588e-01,3.899090321022840588e-01,3.899090321022840588e-01,3.899090321022840588e-01
1.434859887684804924e+01,1.419023086395334410e+01,1.419023086395334410e+01,1.419023086395334410e+01,1.419023086395334410e+01,1.419023086395334410e+01,1.419023086395334410e+01,1.419023086395334410e+01,1.419023086395334410e+01,1.419023086395334410e+01,1.676964077903978723e+00,1.369845501643352392e+00,1.369845501643352392e+00,1.369845501643352392e+00,1.369845501643352392e+00,1.032619358222025552e+00,3.439474234088837346e-01,1.775020906733136006e-01,1.775020906733136006e-01,1.557508714435409392e-01,1.557508714435409392e-01
3.067613505143035102e+00,3.067613505143035102e+00,3.067613505143035102e+00,3.067613505143035102e+00,3.067613505143035102e+00,3.067613505143035102e+00,2.206726491824418268e+00,2.206726491824418268e+00,2.206726491824418268e+00,1.940099555204066073e+00,1.940099555204066073e+00,1.940099555204066073e+00,1.940099555204066073e+00,1.940099555204066073e+00,1.940099555204066073e+00,1.940099555204066073e+00,1.940099555204066073e+00,1.940099555204066073e+00,1.940099555204066073e+00,1.940099555204066073e+00,1.940099555204066073e+00
1.551413049639426944e+01,1.551413049639426944e+01,1.551413049639426944e+01,1.188348741170295320e+01,1.188348741170295320e+01,1.188348741170295320e+01,1.188348741170295320e+01,1.074366232659766496e+01,1.074366232659766496e+01,1.074366232659766496e+01,1.074366232659766496e+01,1.074366232659766496e+01,1.074366232659766496e+01,1.074366232659766496e+01,1.074366232659766496e+01,1.074366232659766496e+01,1.074366232659766496e+01,1.047675298869452098e-02,1.047675298869452098e-02,1.047675298869452098e-02,1.047675298869452098e-02
2.532226537349921536e+00,2.532226537349921536e+00,2.532226537349921536e+00,2.532226537349921536e+00,2.532226537349921536e+00,2.532226537349921536e+00,2.532226537349921536e+00,2.532226537349921536e+00,2.532226537349921536e+00,2.532226537349921536e+00,2.532226537349921536e+00,2.532226537349921536e+00,2.532226537349921536e+00,2.532226537349921536e+00,2.532226537349921536e+00,2.532226537349921536e+00,2.532226537349921536e+00,2.532226537349921536e+00,2.532226537349921536e+00,2.532226537349921536e+00,2.532226537349921536e+00
2.499512007542088909e+00,2.499512007542088909e+00,2.499512007542088909e+00,2.499512007542088909e+00,2.499512007542088909e+00,2.499512007542088909e+00,2.499512007542088909e+00,2.499512007542088909e+00,2.499512007542088909e+00,2.499512007542088909e+00,2.499512007542088909e+00,2.499512007542088909e+00,2.499512007542088909e+00,2.499512007542088909e+00,2.499512007542088909e+00,2.499512007542088909e+00,2.499512007542088909e+00,2.499512007542088909e+00,2.266414910938312488e+00,2.266414910938312488e+00,2.183639007651683173e+00
5.865096455221217031e-01,5.865096455221217031e-01,5.865096455221217031e-01,4.722386560308541315e-01,4.722386560308541315e-01,4.004746825890060924e-01,4.004746825890060924e-01,4.004746825890060924e-01,4.004746825890060924e-01,4.004746825890060924e-01,2.179844706759762607e-01,2.179844706759762607e-01,2.179844706759762607e-01,2.179844706759762607e-01,2.179844706759762607e-01,2.179844706759762607e-01,2.179844706759762607e-01,1.945602828738630663e-01,1.794801485372710392e-01,1.794801485372710392e-01,1.737277726153033941e-01
1.028825199428522907e+01,1.028825199428522907e+01,1.028825199428522907e+01,9.117882278513599559e+00,9.117882278513599559e+00,9.117882278513599559e+00,9.117882278513599559e+00,9.117882278513599559e+00,3.448386616437979946e+00,3.448386616437979946e+00,3.448386616437979946e+00,3.448386616437979946e+00,3.448386616437979946e+00,3.448386616437979946e+00,3.448386616437979946e+00,3.448386616437979946e+00,3.448386616437979946e+00,3.448386616437979946e+00,3.448386616437979946e+00,3.448386616437979946e+00,3.448386616437979946e+00
1.511124584903027213e+01,1.511124584903027213e+01,1.318682242533315474e+01,1.318682242533315474e+01,1.318682242533315474e+01,1.318682242533315474e+01,1.318682242533315474e+01,1.186808410198876196e+01,1.186808410198876196e+01,1.186808410198876196e+01,1.186808410198876196e+01,1.186808410198876196e+01,1.186808410198876196e+01,1.186808410198876196e+01,1.186808410198876196e+01,1.186808410198876196e+01,1.186808410198876196e+01,1.186808410198876196e+01,1.186808410198876196e+01,1.186808410198876196e+01,1.186808410198876196e+01
2.380412606450262647e+00,2.380412606450262647e+00,2.380412606450262647e+00,2.380412606450262647e+00,2.380412606450262647e+00,2.380412606450262647e+00,2.380412606450262647e+00,2.380412606450262647e+00,2.380412606450262647e+00,2.380412606450262647e+00,1.749242756319981273e+00,1.749242756319981273e+00,1.749242756319981273e+00,1.201261070476997844e-01,1.201261070476997844e-01,1.201261070476997844e-01,1.201261070476997844e-01,1.201261070476997844e-01,1.201261070476997844e-01,1.201261070476997844e-01,1.201261070476997844e-01
2.708285230052538495e+01,2.639865485549823987e+01,2.415053612979836828e+01,2.415053612979836828e+01,2.415053612979836828e+01,2.415053612979836828e+01,7.814515252086630781e+00,7.814515252086630781e+00,7.814515252086630781e+00,1.226861595013519768e+00,8.986436763139830086e-01,8.986436763139830086e-01,8.986436763139830086e-01,8.986436763139830086e-01,8.986436763139830086e-01,8.986436763139830086e-01,8.986436763139830086e-01,8.986436763139830086e-01,8.986436763139830086e-01,8.986436763139830086e-01,8.986436763139830086e-01
1.251566680872103809e+01,1.251566680872103809e+01,1.121747530413347249e+01,1.121747530413347249e+01,1.121747530413347249e+01,1.121747530413347249e+01,1.121747530413347249e+01,1.121747530413347249e+01,1.121747530413347249e+01,1.121747530413347249e+01,1.121747530413347249e+01,1.121747530413347249e+01,1.121747530413347249e+01,1.121747530413347249e+01,1.121747530413347249e+01,1.121747530413347249e+01,1.121747530413347249e+01,1.121747530413347249e+01,1.121747530413347249e+01,3.732413431228096101e+00,3.623643949827888289e+00
6.561466345229590047e+00,6.561466345229590047e+00,6.561466345229590047e+00,6.561466345229590047e+00,6.561466345229590047e+00,6.561466345229590047e+00,4.587475812721585555e+00,4.587475812721585555e+00,4.587475812721585555e+00,4.587475812721585555e+00,4.587475812721585555e+00,4.587475812721585555e+00,4.587475812721585555e+00,4.587475812721585555e+00,4.587475812721585555e+00,4.587475812721585555e+00,4.587475812721585555e+00,4.587475812721585555e+00,4.587475812721585555e+00,4.421713194311635675e+00,4.421713194311635675e+00
6.877875001534549781e+00,5.491700672187786125e+00,5.491700672187786125e+00,5.491700672187786125e+00,5.491700672187786125e+00,5.247625867941928313e+00,5.247625867941928313e+00,5.247625867941928313e+00,5.247625867941928313e+00,5.247625867941928313e+00,5.247625867941928313e+00,5.247625867941928313e+00,5.247625867941928313e+00,5.247625867941928313e+00,5.247625867941928313e+00,5.247625867941928313e+00,5.247625867941928313e+00,5.247625867941928313e+00,5.247625867941928313e+00,5.247625867941928313e+00,5.247625867941928313e+00
5.986996864018441222e-01,5.986996864018441222e-01,5.986996864018441222e-01,5.986996864018441222e-01,5.986996864018441222e-01,5.986996864018441222e-01,5.986996864018441222e-01,5.986996864018441222e-01,5.986996864018441222e-01,5.986996864018441222e-01,5.986996864018441222e-01,5.986996864018441222e-01,3.464641990788546178e-01,3.464641990788546178e-01,3.464641990788546178e-01,3.464641990788546178e-01,3.381759407854339483e-01,2.965624959113780101e-01,2.431878754027766709e-01,2.431878754027766709e-01,2.431878754027766709e-01
1.709089993163834009e+01,1.709089993163834009e+01,1.709089993163834009e+01,1.457187457806413633e+01,1.457187457806413633e+01,1.430608891271358019e+01,1.430608891271358019e+01,1.430608891271358019e+01,1.418308940985022915e+01,1.418308940985022915e+01,1.418308940985022915e+01,1.403702565691041571e+01,1.403405743631274483e+01,1.403105055611120022e+01,1.402860519146197760e+01,1.402860519146197760e+01,1.402860519146197760e+01,1.402860519146197760e+01,1.402860519146197760e+01,1.402860519146197760e+01,1.402860519146197760e+01
1.270306684876325498e+01,1.270306684876325498e+01,1.270306684876325498e+01,1.270306684876325498e+01,1.270306684876325498e+01,1.270306684876325498e+01,1.270306684876325498e+01,1.270306684876325498e+01,1.270306684876325498e+01,1.270306684876325498e+01,1.270306684876325498e+01,1.270306684876325498e+01,1.270306684876325498e+01,1.270306684876325498e+01,1.270306684876325498e+01,1.270306684876325498e+01,9.985146658776503870e+00,9.985146658776503870e+00,9.985146658776503870e+00,9.985146658776503870e+00,9.985146658776503870e+00
1.344761826701116325e+00,1.344761826701116325e+00,1.294563439108235903e+00,1.294563439108235903e+00,1.294563439108235903e+00,1.168192578749297716e+00,1.168192578749297716e+00,1.061341313900396433e+00,1.027501464084648486e+00,1.027501464084648486e+00,1.027501464084648486e+00,1.027501464084648486e+00,1.027501464084648486e+00,1.027501464084648486e+00,1.027501464084648486e+00,1.027501464084648486e+00,1.027501464084648486e+00,1.027501464084648486e+00,1.027501464084648486e+00,1.027501464084648486e+00,1.027501464084648486e+00
