3.545196855107315415e+00,3.545196855107315415e+00,3.545196855107315415e+00,3.545196855107315415e+00,8.315573414561665544e-01,5.869695978625966148e-01,5.869695978625966148e-01,5.869695978625966148e-01,5.869695978625966148e-01,5.869695978625966148e-01,5.869695978625966148e-01,5.869695978625966148e-01,5.869695978625966148e-01,5.869695978625966148e-01,5.869695978625966148e-01,5.869695978625966148e-01,5.869695978625966148e-01,5.869695978625966148e-01,5.869695978625966148e-01,5.869695978625966148e-01,5.869695978625966148e-01
9.746850357467707227e+00,9.746850357467707227e+00,9.746850357467707227e+00,9.746850357467707227e+00,9.746850357467707227e+00,2.481289971980682019e+00,2.481289971980682019e+00,2.481289971980682019e+00,2.481289971980682019e+00,2.481289971980682019e+00,5.675956545829574651e-01,5.675956545829574651e-01,5.675956545829574651e-01,4.000434690887608724e-01,4.000434690887608724e-01,4.000434690887608724e-01,4.000434690887608724e-01,4.000434690887608724e-01,3.992154250192516685e-01,3.992154250192516685e-01,3.992154250192516685e-01
7.693125871351418787e+00,7.693125871351418787e+00,4.565302835330920850e+00,4.565302835330920850e+00,2.248891730493811636e+00,2.058809963789686392e+00,2.058809963789686392e+00,2.058809963789686392e+00,2.058809963789686392e+00,2.058809963789686392e+00,2.058809963789686392e+00,2.058809963789686392e+00,2.058809963789686392e+00,9.593015505612125793e-01,9.593015505612125793e-01,7.145148641376923848e-01,7.145148641376923848e-01,5.186525285228302806e-01,3.988658945017160562e-01,3.988658945017160562e-01,3.988658945017160562e-01
5.094302375041932507e+00,5.094302375041932507e+00,5.094302375041932507e+00,2.060584019674966960e+00,2.060584019674966960e+00,2.060584019674966960e+00,2.060584019674966960e+00,4.344737638377189626e-01,4.132335874228889594e-01,4.132335874228889594e-01,4.132335874228889594e-01,4.132335874228889594e-01,4.132335874228889594e-01,4.132335874228889594e-01,4.132335874228889594e-01,4.132335874228889594e-01,4.132335874228889594e-01,4.132335874228889594e-01,4.132335874228889594e-01,4.131157426348082140e-01,4.131157426348082140e-01
8.843966319397878806e+00,8.843966319397878806e+00,8.843966319397878806e+00,8.843966319397878806e+00,8.843966319397878806e+00,3.736697595601626176e+00,3.736697595601626176e+00,1.060114802438853587e+00,1.060114802438853587e+00,1.060114802438853587e+00,1.060114802438853587e+00,4.110606781484982264e-01,4.110606781484982264e-01,4.110606781484982264e-01,4.014853136332448003e-01,4.014853136332448003e-01,4.014853136332448003e-01,4.014853136332448003e-01,4.014853136332448003e-01,4.014853136332448003e-01,4.014853136332448003e-01
6.166339592124312929e+00,1.154927383884455594e+00,1.154927383884455594e+00,6.977493701578119101e-01,6.977493701578119101e-01,6.977493701578119101e-01,6.977493701578119101e-01,6.977493701578119101e-01,4.031179432898355230e-01,4.031179432898355230e-01,4.031179432898355230e-01,4.031179432898355230e-01,4.031179432898355230e-01,4.005455474704433527e-01,4.005455474704433527e-01,4.005455474704433527e-01,4.005455474704433527e-01,4.005455474704433527e-01,4.005455474704433527e-01,4.005455474704433527e-01,4.005455474704433527e-01
1.463105973244504909e+01,5.647135668726591007e+00,5.647135668726591007e+00,6.070301920122140871e-01,6.070301920122140871e-01,4.575356456469545918e-01,4.522964830293805250e-01,4.455207351446102138e-01,4.455207351446102138e-01,4.455207351446102138e-01,4.455207351446102138e-01,4.394013405375378767e-01,4.394013405375378767e-01,4.371012026539453643e-01,4.371012026539453643e-01,4.371012026539453643e-01,4.134242194286894545e-01,4.133151488681434671e-01,4.131909130319151302e-01,4.131909130319151302e-01,4.072172131440989773e-01
2.087576548445779778e+00,2.087576548445779778e+00,8.146319731477653647e-01,5.926704113628442627e-01,5.926704113628442627e-01,5.926704113628442627e-01,4.081528034735768529e-01,4.054492090656385272e-01,4.054492090656385272e-01,4.051324272695584483e-01,4.051324272695584483e-01,3.990966200440766443e-01,3.990966200440766443e-01,3.985272521469589435e-01,3.984256363388976041e-01,3.983498386808861369e-01,3.982802118891086707e-01,3.982802118891086707e-01,3.982802118891086707e-01,3.982802118891086707e-01,3.982802118891086707e-01
1.094298286285527055e+00,6.600385467926663807e-01,6.600385467926663807e-01,6.600385467926663807e-01,6.600385467926663807e-01,6.600385467926663807e-01,6.600385467926663807e-01,6.600385467926663807e-01,6.600385467926663807e-01,6.600385467926663807e-01,6.600385467926663807e-01,6.600385467926663807e-01,4.266466983740322405e-01,4.266466983740322405e-01,4.083126933980185669e-01,4.082762622701512356e-01,4.081900249240462131e-01,4.080942469944588424e-01,4.079978335719403049e-01,4.078970153680288036e-01,4.078076144216939980e-01
1.686375184037311570e+00,1.686375184037311570e+00,1.686375184037311570e+00,6.925673246844112896e-01,6.925673246844112896e-01,6.925673246844112896e-01,6.925673246844112896e-01,6.925673246844112896e-01,6.925673246844112896e-01,6.925673246844112896e-01,6.925673246844112896e-01,5.944348463204711663e-01,5.944348463204711663e-01,4.048302463943969087e-01,4.048302463943969087e-01,4.048302463943969087e-01,4.048302463943969087e-01,4.048302463943969087e-01,3.984009229806471097e-01,3.984009229806471097e-01,3.984009229806471097e-01
5.604303918368117365e+00,3.154990586039116529e+00,3.154990586039116529e+00,3.154990586039116529e+00,3.154990586039116529e+00,3.154990586039116529e+00,1.033948724288183740e+00,1.033948724288183740e+00,1.033948724288183740e+00,4.385698087497473807e-01,4.385698087497473807e-01,4.385698087497473807e-01,4.277009880516526863e-01,4.277009880516526863e-01,4.277009880516526863e-01,4.277009880516526863e-01,4.064949409260041335e-01,4.064949409260041335e-01,4.064949409260041335e-01,4.064535938838904627e-01,4.064535938838904627e-01
5.101854702066825453e+00,4.088642835132873188e+00,4.088642835132873188e+00,3.759296995476522518e+00,1.631714293701822527e+00,1.631714293701822527e+00,1.631714293701822527e+00,1.631714293701822527e+00,1.051065706052172644e+00,6.069421140424537953e-01,6.069421140424537953e-01,5.201986416677453207e-01,4.029594849054252137e-01,4.018676174270261470e-01,4.018676174270261470e-01,4.007452112672975630e-01,4.007452112672975630e-01,4.007452112672975630e-01,4.007452112672975630e-01,4.007452112672975630e-01,4.007452112672975630e-01
2.061964464423118315e+01,1.969176384400422108e+01,1.096088903565150474e+01,1.096088903565150474e+01,1.096088903565150474e+01,1.974433249473429797e+00,1.974433249473429797e+00,1.974433249473429797e+00,1.974433249473429797e+00,1.974433249473429797e+00,4.739942027466632624e-01,4.241702085873981787e-01,4.241702085873981787e-01,4.241702085873981787e-01,4.241702085873981787e-01,4.241702085873981787e-01,4.104572702765985071e-01,4.104572702765985071e-01,4.096271700896885193e-01,4.096271700896885193e-01,4.096271700896885193e-01
8.005729131539522925e+00,8.005729131539522925e+00,3.045870291376672867e+00,3.045870291376672867e+00,3.045870291376672867e+00,3.045870291376672867e+00,7.185991174249419799e-01,4.652210851990794538e-01,4.652210851990794538e-01,4.031259822872623744e-01,4.030599858085892606e-01,4.030046007206884440e-01,4.029588737721052638e-01,4.029302095035074416e-01,4.029088258164374992e-01,4.029018317224153378e-01,4.029003446456869142e-01,4.029003446456869142e-01,4.029003446456869142e-01,4.029003446456869142e-01,4.029003446456869142e-01
1.746895377936693805e+00,1.746895377936693805e+00,1.746895377936693805e+00,1.746895377936693805e+00,1.746895377936693805e+00,9.552174750285473692e-01,9.552174750285473692e-01,9.552174750285473692e-01,9.552174750285473692e-01,4.276689813958860498e-01,4.276689813958860498e-01,4.276689813958860498e-01,4.276689813958860498e-01,4.276689813958860498e-01,4.276689813958860498e-01,4.276689813958860498e-01,4.276689813958860498e-01,4.276689813958860498e-01,4.050248735641375220e-01,4.050248735641375220e-01,4.050248735641375220e-01
4.827708080693826176e+00,4.827708080693826176e+00,4.827708080693826176e+00,2.292117343559014309e+00,2.292117343559014309e+00,2.292117343559014309e+00,2.292117343559014309e+00,4.297656020390316911e-01,4.297656020390316911e-01,4.029171199791612423e-01,4.028783850393971022e-01,4.028501914429440944e-01,4.028083866162646132e-01,4.027478003792506200e-01,4.026823342561485219e-01,4.026075033076335075e-01,4.025239420294717263e-01,4.025239420294717263e-01,4.019038238022361043e-01,4.018246992846190579e-01,4.017484390030023889e-01
3.557262108599126726e+00,3.557262108599126726e+00,6.742376259590070475e-01,6.742376259590070475e-01,4.220455641682132608e-01,4.220455641682132608e-01,4.220455641682132608e-01,4.220455641682132608e-01,4.220455641682132608e-01,4.220455641682132608e-01,4.220455641682132608e-01,4.220455641682132608e-01,4.220455641682132608e-01,4.220455641682132608e-01,4.220455641682132608e-01,4.220455641682132608e-01,4.220455641682132608e-01,4.220455641682132608e-01,4.220455641682132608e-01,4.220455641682132608e-01,4.220455641682132608e-01
4.992503075044600891e+00,4.992503075044600891e+00,4.992503075044600891e+00,4.992503075044600891e+00,4.992503075044600891e+00,4.992503075044600891e+00,4.992503075044600891e+00,4.992503075044600891e+00,1.890782109128428701e+00,1.890782109128428701e+00,1.890782109128428701e+00,1.890782109128428701e+00,1.890782109128428701e+00,1.890782109128428701e+00,1.890782109128428701e+00,1.890782109128428701e+00,1.890782109128428701e+00,1.890782109128428701e+00,1.890782109128428701e+00,7.931966647078585453e-01,4.096386750650928832e-01
4.858243836947121252e+00,3.659782668954146168e+00,1.738253586240096737e+00,1.738253586240096737e+00,1.599834758451558869e+00,1.599834758451558869e+00,6.317550509368778933e-01,6.317550509368778933e-01,6.317550509368778933e-01,4.289401388816731497e-01,4.289401388816731497e-01,4.246209479583242796e-01,4.246209479583242796e-01,4.246209479583242796e-01,4.246209479583242796e-01,4.246209479583242796e-01,4.246209479583242796e-01,4.246209479583242796e-01,4.246209479583242796e-01,4.246209479583242796e-01,4.246209479583242796e-01
1.237863797389685772e+00,1.237863797389685772e+00,1.237863797389685772e+00,1.052650461006120253e+00,1.052650461006120253e+00,1.052650461006120253e+00,1.052650461006120253e+00,1.052650461006120253e+00,1.052650461006120253e+00,1.052650461006120253e+00,1.052650461006120253e+00,1.052650461006120253e+00,1.052650461006120253e+00,1.052650461006120253e+00,1.052650461006120253e+00,1.052650461006120253e+00,1.052650461006120253e+00,4.261689559752657175e-01,4.261689559752657175e-01,4.261689559752657175e-01,4.261689559752657175e-01
