3.545196855107315415e+00,3.545196855107315415e+00,2.315858991964502955e+00,9.038033049607836489e-01,4.194623795071965588e-01,4.194623795071965588e-01,4.194623795071965588e-01,4.194623795071965588e-01,4.194623795071965588e-01,4.194623795071965588e-01,4.194623795071965588e-01,4.194623795071965588e-01,4.186883514211405810e-01,4.186883514211405810e-01,4.186883514211405810e-01,4.186883514211405810e-01,4.186883514211405810e-01,4.186883514211405810e-01,4.186883514211405810e-01,4.186883514211405810e-01,4.186883514211405810e-01
9.746850357467707227e+00,9.746850357467707227e+00,9.746850357467707227e+00,4.479167263783072173e+00,2.165758806885665244e+00,2.165758806885665244e+00,1.944038868325572267e+00,1.944038868325572267e+00,1.944038868325572267e+00,1.944038868325572267e+00,1.944038868325572267e+00,1.944038868325572267e+00,1.944038868325572267e+00,1.944038868325572267e+00,1.944038868325572267e+00,1.944038868325572267e+00,5.973525941829009867e-01,5.973525941829009867e-01,5.973525941829009867e-01,5.973525941829009867e-01,4.379452308861022658e-01
7.693125871351418787e+00,7.693125871351418787e+00,2.622752708094143514e+00,8.606830101414626455e-01,5.353255923311426301e-01,5.353255923311426301e-01,5.353255923311426301e-01,4.407446908071293024e-01,4.407446908071293024e-01,4.407446908071293024e-01,4.407446908071293024e-01,4.407446908071293024e-01,4.087440861828444127e-01,4.087440861828444127e-01,4.087440861828444127e-01,4.087440861828444127e-01,4.087440861828444127e-01,4.087440861828444127e-01,4.087440861828444127e-01,4.087440861828444127e-01,4.087440861828444127e-01
5.094302375041932507e+00,5.094302375041932507e+00,5.094302375041932507e+00,5.094302375041932507e+00,4.152539357613872717e+00,5.613022388933526230e-01,5.613022388933526230e-01,4.474065781434681810e-01,4.474065781434681810e-01,4.474065781434681810e-01,4.474065781434681810e-01,4.474065781434681810e-01,4.474065781434681810e-01,4.474065781434681810e-01,4.474065781434681810e-01,4.474065781434681810e-01,4.474065781434681810e-01,4.474065781434681810e-01,4.474065781434681810e-01,4.474065781434681810e-01,4.474065781434681810e-01
8.843966319397878806e+00,8.843966319397878806e+00,1.812327249707628596e+00,1.452614595188649105e+00,1.452614595188649105e+00,8.345211645696632985e-01,5.761136640361144146e-01,4.071284851983936193e-01,4.071284851983936193e-01,4.071284851983936193e-01,4.071284851983936193e-01,4.071284851983936193e-01,4.071284851983936193e-01,4.071284851983936193e-01,4.071284851983936193e-01,4.071284851983936193e-01,4.071284851983936193e-01,4.071284851983936193e-01,4.071284851983936193e-01,4.071284851983936193e-01,4.071284851983936193e-01
6.166339592124312929e+00,1.650478735073631853e+00,1.650478735073631853e+00,1.650478735073631853e+00,1.191203513545739057e+00,6.248342784936351535e-01,4.327631280610280129e-01,4.327631280610280129e-01,4.327631280610280129e-01,4.327631280610280129e-01,4.327631280610280129e-01,4.327631280610280129e-01,4.327631280610280129e-01,4.327631280610280129e-01,4.327631280610280129e-01,4.327631280610280129e-01,4.327631280610280129e-01,4.327631280610280129e-01,4.327631280610280129e-01,4.327631280610280129e-01,4.327631280610280129e-01
1.463105973244504909e+01,7.013629113326114606e+00,6.149056469584007090e+00,1.833618685051098041e+00,1.556611152256179409e+00,8.051192660512160870e-01,8.051192660512160870e-01,8.050537033030504830e-01,5.310075782402474687e-01,5.310075782402474687e-01,5.310075782402474687e-01,5.310075782402474687e-01,5.310075782402474687e-01,5.310075782402474687e-01,5.310075782402474687e-01,5.310075782402474687e-01,5.310075782402474687e-01,5.310075782402474687e-01,4.533213450760129604e-01,4.533213450760129604e-01,4.533213450760129604e-01
2.087576548445779778e+00,2.087576548445779778e+00,1.205612173062512227e+00,6.153238184710136949e-01,6.153238184710136949e-01,6.153238184710136949e-01,4.902864911950803872e-01,4.047947879243576352e-01,4.047947879243576352e-01,4.047947879243576352e-01,4.047947879243576352e-01,4.047947879243576352e-01,4.047947879243576352e-01,4.047947879243576352e-01,4.047947879243576352e-01,4.047947879243576352e-01,4.047947879243576352e-01,4.047947879243576352e-01,4.047947879243576352e-01,4.047947879243576352e-01,4.047947879243576352e-01
1.094298286285527055e+00,1.094298286285527055e+00,7.413983736519185186e-01,7.413983736519185186e-01,7.413983736519185186e-01,7.413983736519185186e-01,5.575272047311230494e-01,5.575272047311230494e-01,5.575272047311230494e-01,5.575272047311230494e-01,5.575272047311230494e-01,5.575272047311230494e-01,5.575272047311230494e-01,5.575272047311230494e-01,5.575272047311230494e-01,5.575272047311230494e-01,5.575272047311230494e-01,5.575272047311230494e-01,5.143171055477750997e-01,5.143171055477750997e-01,5.143171055477750997e-01
1.686375184037311570e+00,1.686375184037311570e+00,1.686375184037311570e+00,1.686375184037311570e+00,9.700013791463604207e-01,5.622637282271032433e-01,5.622637282271032433e-01,4.285622306003062931e-01,4.285622306003062931e-01,4.285622306003062931e-01,4.285622306003062931e-01,4.285622306003062931e-01,4.285622306003062931e-01,4.285622306003062931e-01,4.285622306003062931e-01,4.285622306003062931e-01,4.285622306003062931e-01,4.285622306003062931e-01,4.285622306003062931e-01,4.285622306003062931e-01,4.285622306003062931e-01
5.604303918368117365e+00,5.604303918368117365e+00,1.631997318185964829e+00,1.631997318185964829e+00,1.631997318185964829e+00,9.228501767003542966e-01,4.940650928878795867e-01,4.498613431298466026e-01,4.498613431298466026e-01,4.498613431298466026e-01,4.498613431298466026e-01,4.498613431298466026e-01,4.498613431298466026e-01,4.498613431298466026e-01,4.498613431298466026e-01,4.498613431298466026e-01,4.498613431298466026e-01,4.498613431298466026e-01,4.498613431298466026e-01,4.498613431298466026e-01,4.498613431298466026e-01
5.101854702066825453e+00,5.101854702066825453e+00,5.101854702066825453e+00,5.101854702066825453e+00,2.698903608250985187e+00,2.068769110126953414e+00,1.533994482494557943e+00,1.011811718077568756e+00,6.829082692655976672e-01,6.165616016907939922e-01,6.165616016907939922e-01,6.165616016907939922e-01,5.368712315427419668e-01,5.368712315427419668e-01,5.368712315427419668e-01,5.368712315427419668e-01,5.368712315427419668e-01,5.368712315427419668e-01,5.368712315427419668e-01,5.368712315427419668e-01,4.289620368350437474e-01
2.061964464423118315e+01,8.939479007996450122e+00,8.939479007996450122e+00,8.939479007996450122e+00,8.939479007996450122e+00,3.024839998779745187e+00,1.347256729381964391e+00,6.114637772707034458e-01,6.114637772707034458e-01,6.114637772707034458e-01,6.114637772707034458e-01,6.114637772707034458e-01,6.114637772707034458e-01,4.664818953091867115e-01,4.664818953091867115e-01,4.664818953091867115e-01,4.664818953091867115e-01,4.664818953091867115e-01,4.664818953091867115e-01,4.664818953091867115e-01,4.664818953091867115e-01
8.005729131539522925e+00,8.005729131539522925e+00,8.005729131539522925e+00,1.984074828421299230e+00,1.083156485713661965e+00,1.083156485713661965e+00,7.495706829598756116e-01,7.495706829598756116e-01,7.495706829598756116e-01,7.495706829598756116e-01,7.495706829598756116e-01,4.708014056187863616e-01,4.571439229756801836e-01,4.571439229756801836e-01,4.571439229756801836e-01,4.571439229756801836e-01,4.571439229756801836e-01,4.571439229756801836e-01,4.571439229756801836e-01,4.571439229756801836e-01,4.462330892516614966e-01
1.746895377936693805e+00,1.746895377936693805e+00,5.286716968715108322e-01,5.286716968715108322e-01,4.165350179170719258e-01,4.165350179170719258e-01,4.165350179170719258e-01,4.165350179170719258e-01,4.165350179170719258e-01,4.165350179170719258e-01,4.165350179170719258e-01,4.165350179170719258e-01,4.165350179170719258e-01,4.165350179170719258e-01,4.165350179170719258e-01,4.165350179170719258e-01,4.165350179170719258e-01,4.165350179170719258e-01,4.165350179170719258e-01,4.165350179170719258e-01,4.165350179170719258e-01
4.827708080693826176e+00,4.827708080693826176e+00,4.827708080693826176e+00,2.062124252448370498e+00,1.186120535074099536e+00,1.070889685381876788e+00,9.617444145852545034e-01,8.518344180511423502e-01,8.518344180511423502e-01,8.518344180511423502e-01,6.006687880444054883e-01,6.006687880444054883e-01,6.006687880444054883e-01,6.006687880444054883e-01,6.006687880444054883e-01,6.006687880444054883e-01,4.388432130261872288e-01,4.007445996133380817e-01,4.007445996133380817e-01,4.007445996133380817e-01,4.007445996133380817e-01
3.557262108599126726e+00,3.557262108599126726e+00,3.076425545952115925e+00,1.445191915781293801e+00,5.849989299804079224e-01,5.849989299804079224e-01,4.612444649430678112e-01,4.246350208202009924e-01,4.246350208202009924e-01,4.246350208202009924e-01,4.246350208202009924e-01,4.246350208202009924e-01,4.246350208202009924e-01,4.246350208202009924e-01,4.246350208202009924e-01,4.246350208202009924e-01,4.246350208202009924e-01,4.246350208202009924e-01,4.246350208202009924e-01,4.246350208202009924e-01,4.246350208202009924e-01
4.992503075044600891e+00,4.992503075044600891e+00,4.112062503604971830e+00,3.092396011458387939e+00,3.092396011458387939e+00,2.423099259907358416e+00,2.423099259907358416e+00,2.423099259907358416e+00,2.423099259907358416e+00,2.423099259907358416e+00,2.423099259907358416e+00,2.423099259907358416e+00,2.423099259907358416e+00,1.635801894049222938e+00,9.275992388862981386e-01,5.310369796167311307e-01,4.288456917526701773e-01,4.288456917526701773e-01,4.288456917526701773e-01,4.288456917526701773e-01,4.011521479906150489e-01
4.858243836947121252e+00,1.408505834436047266e+00,1.408505834436047266e+00,1.408505834436047266e+00,1.055901528027655800e+00,1.039450906150662490e+00,7.680352755400807752e-01,7.680352755400807752e-01,5.055842227308460224e-01,5.055842227308460224e-01,4.123624884136294355e-01,4.123624884136294355e-01,4.123624884136294355e-01,4.123624884136294355e-01,4.123624884136294355e-01,4.123624884136294355e-01,4.123624884136294355e-01,4.123624884136294355e-01,4.123624884136294355e-01,4.123624884136294355e-01,4.123624884136294355e-01
1.237863797389685772e+00,1.237863797389685772e+00,1.237863797389685772e+00,1.237863797389685772e+00,1.237863797389685772e+00,7.277184389347546301e-01,4.770078427848503111e-01,4.249366984311286899e-01,4.249366984311286899e-01,4.249366984311286899e-01,4.249366984311286899e-01,4.249366984311286899e-01,4.249366984311286899e-01,4.249366984311286899e-01,4.249366984311286899e-01,4.249366984311286899e-01,4.249366984311286899e-01,4.249366984311286899e-01,4.249366984311286899e-01,4.249366984311286899e-01,4.249366984311286899e-01
