3.545196855107315415e+00,3.545196855107315415e+00,2.315857998650757033e+00,9.038034111853310293e-01,4.851741649511343013e-01,4.851741649511343013e-01,4.851741649511343013e-01,4.310811030768189056e-01,4.310811030768189056e-01,4.310811030768189056e-01,4.310811030768189056e-01,4.310811030768189056e-01,4.310811030768189056e-01,4.310811030768189056e-01,4.310811030768189056e-01,4.310811030768189056e-01,4.310811030768189056e-01,4.310811030768189056e-01,4.310811030768189056e-01,4.310811030768189056e-01,4.310811030768189056e-01
9.746850357467707227e+00,9.746850357467707227e+00,9.746850357467707227e+00,4.479167504078121809e+00,2.165759184537098925e+00,2.165759184537098925e+00,2.165759184537098925e+00,1.944028070286220711e+00,1.944028070286220711e+00,1.944028070286220711e+00,1.944028070286220711e+00,1.944028070286220711e+00,1.944028070286220711e+00,1.944028070286220711e+00,1.944028070286220711e+00,1.944028070286220711e+00,1.944028070286220711e+00,6.963485070805308652e-01,6.963485070805308652e-01,6.963485070805308652e-01,4.639959907228980995e-01
7.693125871351418787e+00,7.693125871351418787e+00,8.271961525698188211e-01,5.043855514239918847e-01,5.043855514239918847e-01,4.456973113999325165e-01,4.456973113999325165e-01,4.456973113999325165e-01,4.456973113999325165e-01,4.456973113999325165e-01,4.456973113999325165e-01,4.456973113999325165e-01,4.456973113999325165e-01,4.456973113999325165e-01,4.456973113999325165e-01,4.456973113999325165e-01,4.456973113999325165e-01,4.456973113999325165e-01,4.456973113999325165e-01,4.456973113999325165e-01,4.456973113999325165e-01
5.094302375041932507e+00,5.094302375041932507e+00,5.094302375041932507e+00,5.094302375041932507e+00,4.152594221190128110e+00,4.152594221190128110e+00,1.480356984304977530e+00,1.228932947671861342e+00,1.228932947671861342e+00,1.228932947671861342e+00,1.228932947671861342e+00,1.228932947671861342e+00,1.228932947671861342e+00,1.228932947671861342e+00,1.228932947671861342e+00,1.228932947671861342e+00,6.924387042161779249e-01,6.924387042161779249e-01,6.924387042161779249e-01,6.118141773729739441e-01,6.118141773729739441e-01
8.843966319397878806e+00,8.843966319397878806e+00,1.812366234903961981e+00,1.452126364991981333e+00,1.452126364991981333e+00,8.331562659995057629e-01,4.771736092639127236e-01,4.072993806834919184e-01,4.072993806834919184e-01,4.072993806834919184e-01,4.072993806834919184e-01,4.072993806834919184e-01,4.072993806834919184e-01,4.072993806834919184e-01,4.072993806834919184e-01,4.072993806834919184e-01,4.072993806834919184e-01,4.072993806834919184e-01,4.072993806834919184e-01,4.072993806834919184e-01,4.072993806834919184e-01
6.166339592124312929e+00,1.650479078780872300e+00,1.650479078780872300e+00,1.650479078780872300e+00,1.192520977179755803e+00,6.249717549501010438e-01,4.322050642338393089e-01,4.095864611489563600e-01,4.095864611489563600e-01,4.095864611489563600e-01,4.095864611489563600e-01,4.095864611489563600e-01,4.095864611489563600e-01,4.095864611489563600e-01,4.095864611489563600e-01,4.095864611489563600e-01,4.095864611489563600e-01,4.095864611489563600e-01,4.095864611489563600e-01,4.095864611489563600e-01,4.095864611489563600e-01
1.463105973244504909e+01,7.013629278621304586e+00,6.149055379752741857e+00,1.833620966924065954e+00,1.556655207770319294e+00,8.017049439669925448e-01,8.017049439669925448e-01,8.017049439669925448e-01,8.017049439669925448e-01,8.017049439669925448e-01,8.017049439669925448e-01,8.017049439669925448e-01,3.979047233599555256e-01,3.979047233599555256e-01,3.979047233599555256e-01,3.979047233599555256e-01,3.979047233599555256e-01,3.979047233599555256e-01,3.979047233599555256e-01,3.979047233599555256e-01,3.979047233599555256e-01
2.087576548445779778e+00,2.087576548445779778e+00,2.087576548445779778e+00,8.186749465340703580e-01,8.186749465340703580e-01,8.186749465340703580e-01,5.148924065940505557e-01,4.262917492875004655e-01,4.262917492875004655e-01,4.262917492875004655e-01,4.262917492875004655e-01,4.262917492875004655e-01,4.262917492875004655e-01,4.262917492875004655e-01,4.262917492875004655e-01,4.262917492875004655e-01,4.262917492875004655e-01,4.262917492875004655e-01,4.262917492875004655e-01,4.262917492875004655e-01,4.262917492875004655e-01
1.094298286285527055e+00,1.094298286285527055e+00,7.172736937180346217e-01,7.172736937180346217e-01,7.172736937180346217e-01,5.335611446976873395e-01,5.335611446976873395e-01,5.335611446976873395e-01,3.980571259002463336e-01,3.980571259002463336e-01,3.980571259002463336e-01,3.980571259002463336e-01,3.980571259002463336e-01,3.980571259002463336e-01,3.980571259002463336e-01,3.980571259002463336e-01,3.980571259002463336e-01,3.980571259002463336e-01,3.980571259002463336e-01,3.980571259002463336e-01,3.980571259002463336e-01
1.686375184037311570e+00,1.686375184037311570e+00,1.686375184037311570e+00,1.686375184037311570e+00,9.431392436024346182e-01,5.636077634690881411e-01,5.636077634690881411e-01,5.636077634690881411e-01,4.579884373665983333e-01,4.579884373665983333e-01,4.579884373665983333e-01,4.579884373665983333e-01,4.579884373665983333e-01,4.579884373665983333e-01,4.579884373665983333e-01,4.579884373665983333e-01,4.579884373665983333e-01,4.579884373665983333e-01,4.579884373665983333e-01,4.579884373665983333e-01,4.579884373665983333e-01
5.604303918368117365e+00,5.604303918368117365e+00,1.631997277133351076e+00,1.631997277133351076e+00,1.631997277133351076e+00,9.244855725857732409e-01,4.400066995420512939e-01,4.121589835190597739e-01,4.121589835190597739e-01,4.121589835190597739e-01,4.121589835190597739e-01,4.121589835190597739e-01,4.121589835190597739e-01,4.121589835190597739e-01,4.121589835190597739e-01,4.121589835190597739e-01,4.121589835190597739e-01,4.021785851065509121e-01,4.021785851065509121e-01,4.021785851065509121e-01,4.021785851065509121e-01
5.101854702066825453e+00,5.101854702066825453e+00,5.101854702066825453e+00,5.101854702066825453e+00,2.698904761711078848e+00,2.068768569293732540e+00,2.068768569293732540e+00,1.534541466266206911e+00,9.960639066354470827e-01,6.299114216544126066e-01,5.966099925977204066e-01,5.966099925977204066e-01,5.966099925977204066e-01,5.966099925977204066e-01,5.966099925977204066e-01,5.966099925977204066e-01,5.966099925977204066e-01,5.966099925977204066e-01,5.966099925977204066e-01,5.966099925977204066e-01,5.966099925977204066e-01
2.061964464423118315e+01,8.939479492693280349e+00,8.939479492693280349e+00,8.939479492693280349e+00,8.939479492693280349e+00,8.939479492693280349e+00,3.001230217700349812e+00,1.370534225160596975e+00,6.160559654709167887e-01,6.160559654709167887e-01,6.160559654709167887e-01,6.160559654709167887e-01,5.859847488288156825e-01,5.859847488288156825e-01,5.859847488288156825e-01,5.859847488288156825e-01,5.859847488288156825e-01,5.859847488288156825e-01,5.859847488288156825e-01,5.859847488288156825e-01,5.859847488288156825e-01
8.005729131539522925e+00,8.005729131539522925e+00,8.005729131539522925e+00,1.984074373557794146e+00,1.081478459789742885e+00,1.081478459789742885e+00,7.162568592815858892e-01,7.162568592815858892e-01,7.162568592815858892e-01,4.531104654918660657e-01,4.531104654918660657e-01,4.531104654918660657e-01,4.531104654918660657e-01,4.531104654918660657e-01,4.531104654918660657e-01,4.531104654918660657e-01,4.531104654918660657e-01,4.531104654918660657e-01,4.531104654918660657e-01,4.531104654918660657e-01,4.531104654918660657e-01
1.746895377936693805e+00,1.746895377936693805e+00,5.379104564642140929e-01,5.379104564642140929e-01,4.147035442975663955e-01,4.147035442975663955e-01,4.147035442975663955e-01,4.147035442975663955e-01,3.979570055181351762e-01,3.979570055181351762e-01,3.979570055181351762e-01,3.979570055181351762e-01,3.979570055181351762e-01,3.979570055181351762e-01,3.979570055181351762e-01,3.979570055181351762e-01,3.979570055181351762e-01,3.979570055181351762e-01,3.979570055181351762e-01,3.979570055181351762e-01,3.979570055181351762e-01
4.827708080693826176e+00,4.827708080693826176e+00,4.827708080693826176e+00,2.062125448686989770e+00,1.186121132877925533e+00,8.639770570867515431e-01,8.639770570867515431e-01,8.639770570867515431e-01,8.639770570867515431e-01,8.639770570867515431e-01,8.639770570867515431e-01,6.573033595475248347e-01,6.573033595475248347e-01,6.573033595475248347e-01,6.573033595475248347e-01,4.294665932980414880e-01,4.294665932980414880e-01,4.294665932980414880e-01,4.294665932980414880e-01,4.294665932980414880e-01,4.294665932980414880e-01
3.557262108599126726e+00,3.557262108599126726e+00,2.996240977901980962e+00,1.924235039274030612e+00,7.162556576565251021e-01,4.322384499240552458e-01,4.314652345322720350e-01,4.314652345322720350e-01,4.314652345322720350e-01,4.314652345322720350e-01,4.314652345322720350e-01,4.314652345322720350e-01,4.314652345322720350e-01,4.314652345322720350e-01,4.314652345322720350e-01,4.314652345322720350e-01,4.314652345322720350e-01,4.314652345322720350e-01,4.314652345322720350e-01,4.314652345322720350e-01,4.314652345322720350e-01
4.992503075044600891e+00,4.992503075044600891e+00,4.896745425590920853e+00,2.855784733765960759e+00,2.855784733765960759e+00,2.855784733765960759e+00,1.924270113727434506e+00,1.317096926232702359e+00,1.023025550134384787e+00,1.023025550134384787e+00,1.023025550134384787e+00,1.023025550134384787e+00,1.023025550134384787e+00,1.023025550134384787e+00,5.204344375140124157e-01,5.204344375140124157e-01,5.204344375140124157e-01,4.150580899853757444e-01,4.150580899853757444e-01,4.150580899853757444e-01,4.150580899853757444e-01
4.858243836947121252e+00,1.408510632142027319e+00,1.408510632142027319e+00,1.408510632142027319e+00,1.051788137414263247e+00,1.051788137414263247e+00,1.051788137414263247e+00,1.051788137414263247e+00,9.877535088175672939e-01,9.877535088175672939e-01,9.877535088175672939e-01,8.986074270713810819e-01,8.986074270713810819e-01,4.188881158510415759e-01,3.996769555774211113e-01,3.989981912070224013e-01,3.989981912070224013e-01,3.989981912070224013e-01,3.989981912070224013e-01,3.989981912070224013e-01,3.989981912070224013e-01
1.237863797389685772e+00,1.237863797389685772e+00,1.237863797389685772e+00,1.237863797389685772e+00,1.237863797389685772e+00,7.361564535394933273e-01,4.447228359995278879e-01,4.358582982421097540e-01,4.358582982421097540e-01,4.358582982421097540e-01,4.019039034876001892e-01,4.019039034876001892e-01,4.019039034876001892e-01,4.019039034876001892e-01,4.019039034876001892e-01,4.019039034876001892e-01,4.019039034876001892e-01,4.019039034876001892e-01,4.019039034876001892e-01,3.998287216888805062e-01,3.998287216888805062e-01
