3.545196855107315415e+00,3.545196855107315415e+00,3.545196855107315415e+00,2.071209782006242506e+00,2.071209782006242506e+00,2.071209782006242506e+00,2.071209782006242506e+00,2.071209782006242506e+00,1.301669769911617536e+00,1.301669769911617536e+00,1.301669769911617536e+00,1.301669769911617536e+00,1.301669769911617536e+00,1.301669769911617536e+00,1.301669769911617536e+00,1.301669769911617536e+00,1.301669769911617536e+00,1.301669769911617536e+00,4.123908326546121828e-01,4.123908326546121828e-01,4.123908326546121828e-01
9.746850357467707227e+00,9.746850357467707227e+00,9.746850357467707227e+00,9.746850357467707227e+00,9.746850357467707227e+00,9.746850357467707227e+00,1.943159282309236957e+00,1.943159282309236957e+00,1.943159282309236957e+00,1.943159282309236957e+00,1.943159282309236957e+00,1.943159282309236957e+00,1.943159282309236957e+00,1.943159282309236957e+00,1.943159282309236957e+00,1.943159282309236957e+00,1.943159282309236957e+00,1.943159282309236957e+00,1.605039720485619270e+00,1.605039720485619270e+00,1.605039720485619270e+00
7.693125871351418787e+00,7.693125871351418787e+00,7.693125871351418787e+00,7.693125871351418787e+00,7.693125871351418787e+00,3.576525098337015152e+00,2.349556099168995438e+00,2.349556099168995438e+00,6.013201891318828984e-01,6.013201891318828984e-01,6.013201891318828984e-01,6.013201891318828984e-01,6.013201891318828984e-01,6.013201891318828984e-01,6.013201891318828984e-01,6.013201891318828984e-01,6.013201891318828984e-01,6.013201891318828984e-01,6.013201891318828984e-01,6.013201891318828984e-01,6.013201891318828984e-01
5.094302375041932507e+00,5.094302375041932507e+00,1.811081685449577705e+00,1.811081685449577705e+00,1.811081685449577705e+00,1.811081685449577705e+00,1.811081685449577705e+00,1.811081685449577705e+00,1.811081685449577705e+00,1.811081685449577705e+00,1.811081685449577705e+00,1.811081685449577705e+00,1.811081685449577705e+00,1.811081685449577705e+00,1.811081685449577705e+00,1.811081685449577705e+00,1.811081685449577705e+00,1.811081685449577705e+00,1.811081685449577705e+00,8.347189960654777252e-01,5.014777286510252452e-01
8.843966319397878806e+00,8.843966319397878806e+00,8.843966319397878806e+00,8.843966319397878806e+00,8.843966319397878806e+00,8.503476961165524983e+00,8.503476961165524983e+00,1.951747963920105633e+00,1.951747963920105633e+00,1.951747963920105633e+00,1.951747963920105633e+00,1.951747963920105633e+00,7.161507449953727900e-01,7.161507449953727900e-01,4.658072972413354051e-01,4.600866396789857760e-01,4.329488261498557478e-01,4.329488261498557478e-01,3.979285281578839317e-01,3.979285281578839317e-01,3.979285281578839317e-01
6.166339592124312929e+00,6.166339592124312929e+00,6.166339592124312929e+00,6.166339592124312929e+00,6.166339592124312929e+00,5.658230916729857896e+00,5.658230916729857896e+00,2.037287423025675892e+00,2.037287423025675892e+00,2.007883460532376318e+00,8.084151451181931236e-01,8.084151451181931236e-01,8.084151451181931236e-01,5.167418775716168255e-01,5.167418775716168255e-01,4.392209219403984122e-01,4.392209219403984122e-01,4.072903793313837895e-01,4.072903793313837895e-01,4.072903793313837895e-01,4.072903793313837895e-01
1.463105973244504909e+01,6.174175513302675888e+00,6.174175513302675888e+00,6.174175513302675888e+00,1.197235410881907214e+00,1.197235410881907214e+00,1.197235410881907214e+00,1.197235410881907214e+00,1.197235410881907214e+00,1.197235410881907214e+00,1.197235410881907214e+00,1.197235410881907214e+00,1.197235410881907214e+00,8.933265006061699154e-01,4.193964973030332999e-01,4.142399604907360811e-01,4.125188666900143630e-01,4.116423430964637475e-01,4.110997571697758701e-01,4.107297589077010258e-01,4.104228243906025142e-01
2.087576548445779778e+00,2.087576548445779778e+00,4.769726815352655080e-01,4.769726815352655080e-01,4.769726815352655080e-01,4.769726815352655080e-01,4.769726815352655080e-01,4.769726815352655080e-01,4.769726815352655080e-01,4.769726815352655080e-01,4.769726815352655080e-01,4.769726815352655080e-01,4.769726815352655080e-01,4.769726815352655080e-01,4.769726815352655080e-01,4.769726815352655080e-01,4.769726815352655080e-01,4.769726815352655080e-01,4.769726815352655080e-01,4.769726815352655080e-01,4.769726815352655080e-01
1.094298286285527055e+00,1.094298286285527055e+00,1.094298286285527055e+00,1.094298286285527055e+00,1.094298286285527055e+00,1.094298286285527055e+00,1.094298286285527055e+00,1.094298286285527055e+00,1.094298286285527055e+00,9.830904805395039858e-01,9.830904805395039858e-01,9.830904805395039858e-01,9.830904805395039858e-01,9.830904805395039858e-01,9.830904805395039858e-01,9.830904805395039858e-01,9.830904805395039858e-01,9.830904805395039858e-01,9.830904805395039858e-01,9.830904805395039858e-01,9.830904805395039858e-01
1.686375184037311570e+00,1.686375184037311570e+00,1.686375184037311570e+00,1.686375184037311570e+00,1.686375184037311570e+00,1.686375184037311570e+00,1.686375184037311570e+00,1.686375184037311570e+00,1.686375184037311570e+00,1.686375184037311570e+00,1.686375184037311570e+00,1.686375184037311570e+00,5.793811362707153023e-01,5.793811362707153023e-01,5.793811362707153023e-01,5.793811362707153023e-01,5.793811362707153023e-01,5.793811362707153023e-01,5.793811362707153023e-01,5.793811362707153023e-01,5.793811362707153023e-01
5.604303918368117365e+00,5.604303918368117365e+00,5.604303918368117365e+00,5.604303918368117365e+00,3.160049155588212422e+00,3.160049155588212422e+00,3.160049155588212422e+00,3.160049155588212422e+00,1.996488977293932265e+00,1.944642418031989450e+00,1.943687570756509331e+00,1.943357897698431813e+00,1.943243133185976745e+00,1.943184686080909884e+00,1.943150289746659709e+00,1.943142585588653048e+00,1.943141449838185153e+00,1.943141160023134972e+00,1.943141160023134972e+00,1.943141160023134972e+00,1.943141160023134972e+00
5.101854702066825453e+00,4.949171834102015666e+00,4.949171834102015666e+00,4.949171834102015666e+00,4.949171834102015666e+00,4.949171834102015666e+00,4.949171834102015666e+00,4.949171834102015666e+00,3.703130796003843983e+00,2.279486505090261517e+00,2.279486505090261517e+00,1.986571111974440029e+00,1.986571111974440029e+00,1.986571111974440029e+00,1.986571111974440029e+00,1.986571111974440029e+00,1.986571111974440029e+00,1.986571111974440029e+00,1.986571111974440029e+00,1.986571111974440029e+00,1.986571111974440029e+00
2.061964464423118315e+01,1.096088903565150474e+01,1.096088903565150474e+01,1.096088903565150474e+01,1.096088903565150474e+01,3.052732041401201357e+00,3.052732041401201357e+00,3.052732041401201357e+00,3.052732041401201357e+00,3.052732041401201357e+00,2.385596716327724742e+00,1.943463081243320900e+00,1.943403600799415543e+00,1.943349249287479097e+00,1.943314092223076273e+00,1.943314092223076273e+00,1.943261136063631156e+00,1.943248928965363831e+00,1.943220280837747893e+00,1.943191444829638570e+00,1.943177270339178975e+00
8.005729131539522925e+00,8.005729131539522925e+00,8.005729131539522925e+00,8.005729131539522925e+00,8.005729131539522925e+00,8.005729131539522925e+00,2.157768208483571648e+00,2.157768208483571648e+00,2.157768208483571648e+00,5.191067692639759201e-01,5.191067692639759201e-01,5.191067692639759201e-01,5.191067692639759201e-01,5.191067692639759201e-01,5.191067692639759201e-01,5.191067692639759201e-01,4.173794963372081668e-01,4.077544820069860521e-01,4.077544820069860521e-01,4.077544820069860521e-01,4.016534679362600002e-01
1.746895377936693805e+00,1.746895377936693805e+00,1.746895377936693805e+00,1.746895377936693805e+00,1.746895377936693805e+00,1.746895377936693805e+00,1.746895377936693805e+00,1.746895377936693805e+00,1.746895377936693805e+00,1.746895377936693805e+00,1.746895377936693805e+00,1.746895377936693805e+00,1.746895377936693805e+00,1.746895377936693805e+00,1.746895377936693805e+00,1.746895377936693805e+00,1.746895377936693805e+00,1.746895377936693805e+00,1.430052037026047884e+00,4.297583904557615853e-01,4.297583904557615853e-01
4.827708080693826176e+00,4.827708080693826176e+00,4.827708080693826176e+00,4.827708080693826176e+00,2.050467760488902336e+00,2.050467760488902336e+00,2.050467760488902336e+00,2.050467760488902336e+00,1.144216704934963857e+00,7.309758008967364162e-01,7.309758008967364162e-01,7.309758008967364162e-01,7.309758008967364162e-01,7.309758008967364162e-01,7.309758008967364162e-01,7.309758008967364162e-01,4.084905050621419065e-01,4.084905050621419065e-01,4.074779709067968270e-01,4.062427848293825861e-01,4.056180510272078266e-01
3.557262108599126726e+00,3.557262108599126726e+00,3.557262108599126726e+00,3.557262108599126726e+00,3.063640432408650582e+00,3.063640432408650582e+00,1.945289962271015582e+00,1.945289962271015582e+00,1.945289962271015582e+00,1.945289962271015582e+00,1.945289962271015582e+00,1.945289962271015582e+00,1.945289962271015582e+00,1.945289962271015582e+00,1.945289962271015582e+00,1.945289962271015582e+00,1.945289962271015582e+00,1.945289962271015582e+00,1.945289962271015582e+00,1.945289962271015582e+00,1.945289962271015582e+00
4.992503075044600891e+00,4.992503075044600891e+00,4.992503075044600891e+00,4.992503075044600891e+00,4.992503075044600891e+00,4.992503075044600891e+00,4.992503075044600891e+00,4.992503075044600891e+00,4.992503075044600891e+00,4.992503075044600891e+00,1.948038072409239874e+00,1.906522687099876379e+00,1.906522687099876379e+00,1.906522687099876379e+00,1.906522687099876379e+00,1.471373557357944506e+00,1.471373557357944506e+00,9.978743397104565815e-01,9.978743397104565815e-01,9.978743397104565815e-01,4.685849502232954933e-01
4.858243836947121252e+00,4.858243836947121252e+00,4.858243836947121252e+00,4.858243836947121252e+00,4.858243836947121252e+00,4.858243836947121252e+00,2.260707086814751854e+00,2.260707086814751854e+00,2.260707086814751854e+00,2.260707086814751854e+00,2.260707086814751854e+00,2.260707086814751854e+00,2.260707086814751854e+00,2.260707086814751854e+00,2.260707086814751854e+00,6.052817755275423650e-01,6.052817755275423650e-01,4.972032279756426476e-01,4.972032279756426476e-01,4.335272400418883620e-01,4.166590799379719101e-01
1.237863797389685772e+00,1.237863797389685772e+00,1.237863797389685772e+00,1.237863797389685772e+00,1.237863797389685772e+00,1.237863797389685772e+00,1.237863797389685772e+00,1.237863797389685772e+00,1.237863797389685772e+00,1.237863797389685772e+00,1.237863797389685772e+00,1.237863797389685772e+00,1.237863797389685772e+00,1.237863797389685772e+00,1.237863797389685772e+00,1.237863797389685772e+00,1.237863797389685772e+00,1.237863797389685772e+00,1.237863797389685772e+00,1.237863797389685772e+00,1.237863797389685772e+00
