3.545196855107315415e+00,3.545196855107315415e+00,3.545196855107315415e+00,2.879780279580733904e+00,1.619054697956093136e+00,7.244298072587334048e-01,5.280712081094289800e-01,4.089528840005076660e-01,4.089528840005076660e-01,4.089528840005076660e-01,4.089528840005076660e-01,4.089528840005076660e-01,3.986959544724282267e-01,3.986959544724282267e-01,3.986959544724282267e-01,3.986959544724282267e-01,3.986959544724282267e-01,3.986959544724282267e-01,3.979240313224270409e-01,3.979240313224270409e-01,3.979240313224270409e-01
9.746850357467707227e+00,9.746850357467707227e+00,9.746850357467707227e+00,9.746850357467707227e+00,9.746850357467707227e+00,9.746850357467707227e+00,9.746850357467707227e+00,7.371745886165875561e+00,6.229907906088882008e+00,6.229907906088882008e+00,6.229907906088882008e+00,6.214452642640901914e+00,6.173709398201907561e+00,5.981052265135186730e+00,2.098806181887930222e+00,2.098806181887930222e+00,2.098806181887930222e+00,1.235970487294897779e+00,1.235970487294897779e+00,1.235970487294897779e+00,6.653746402951803418e-01
7.693125871351418787e+00,7.693125871351418787e+00,7.693125871351418787e+00,7.045104750579813668e+00,2.438315088791455310e+00,2.438315088791455310e+00,2.131878963796872917e+00,2.131878963796872917e+00,1.439598857386373609e+00,1.439598857386373609e+00,1.439598857386373609e+00,1.435085578879563784e+00,1.414225820435285996e+00,1.219689610576098815e+00,6.907154094907692610e-01,4.894797218876156819e-01,4.815324829536482554e-01,4.793301596356105421e-01,4.751445681214967465e-01,4.549364492313774377e-01,4.549364492313774377e-01
5.094302375041932507e+00,5.094302375041932507e+00,4.281616191887451350e+00,1.779929281014046794e+00,1.683762469403628614e+00,1.683762469403628614e+00,1.683762469403628614e+00,1.683762469403628614e+00,1.468321961737027337e+00,1.446118457843970972e+00,1.446118457843970972e+00,1.394552069126770988e+00,1.226133758588410672e+00,1.183777307805732093e+00,1.145220759652696429e+00,9.506617757167248328e-01,7.337243841509764053e-01,7.337243841509764053e-01,4.615357269001645335e-01,4.615357269001645335e-01,4.615357269001645335e-01
8.843966319397878806e+00,7.131138807089616449e-01,7.131138807089616449e-01,7.131138807089616449e-01,7.131138807089616449e-01,6.415440832513166214e-01,4.895522131333844840e-01,4.467892838864280236e-01,4.467892838864280236e-01,4.444570173625290721e-01,4.335579139092864409e-01,4.335579139092864409e-01,4.024073942101971113e-01,4.024073942101971113e-01,4.024073942101971113e-01,3.999002725692548665e-01,3.999002725692548665e-01,3.983536963621521210e-01,3.983536963621521210e-01,3.983536963621521210e-01,3.983536963621521210e-01
6.166339592124312929e+00,2.134018390547998578e+00,4.251629378879471233e-01,4.251629378879471233e-01,4.251629378879471233e-01,4.251629378879471233e-01,4.053487161484028434e-01,4.049804379239319019e-01,4.049804379239319019e-01,4.045220489220309190e-01,4.045220489220309190e-01,4.045220489220309190e-01,4.045220489220309190e-01,4.045220489220309190e-01,4.045220489220309190e-01,4.045220489220309190e-01,4.045220489220309190e-01,4.045220489220309190e-01,4.045220489220309190e-01,4.045220489220309190e-01,4.045220489220309190e-01
1.463105973244504909e+01,3.848808457797353810e+00,2.585951487268113524e+00,1.954720761356313119e+00,1.954720761356313119e+00,5.383173298465777634e-01,5.383173298465777634e-01,5.383173298465777634e-01,4.360357353187129803e-01,4.335449012646570566e-01,4.335449012646570566e-01,4.335449012646570566e-01,4.335449012646570566e-01,4.335449012646570566e-01,4.335449012646570566e-01,4.335449012646570566e-01,4.335449012646570566e-01,4.335449012646570566e-01,4.335449012646570566e-01,4.335449012646570566e-01,4.335449012646570566e-01
2.087576548445779778e+00,2.087576548445779778e+00,2.087573548449265459e+00,2.087573548449265459e+00,2.087573548449265459e+00,2.087573548449265459e+00,2.087573548449265459e+00,2.087573548449265459e+00,2.087573548449265459e+00,2.087573548449265459e+00,2.087573548449265459e+00,2.087572473321110067e+00,2.087572473321110067e+00,2.087567586148219689e+00,2.087551237627751632e+00,2.087421624242746354e+00,2.079701255024195561e+00,2.079701255024195561e+00,1.025422548173311910e+00,1.025422548173311910e+00,1.025422548173311910e+00
1.094298286285527055e+00,1.094298286285527055e+00,1.094298286285527055e+00,1.094298286285527055e+00,1.094298286285527055e+00,5.662625888181480605e-01,3.984434978454505227e-01,3.984434978454505227e-01,3.984434978454505227e-01,3.984434978454505227e-01,3.984434978454505227e-01,3.984434978454505227e-01,3.979258756291308430e-01,3.979104597676705879e-01,3.979104597676705879e-01,3.979104597676705879e-01,3.979104597676705879e-01,3.979104597676705879e-01,3.979104597676705879e-01,3.979104597676705879e-01,3.979104597676705879e-01
1.686375184037311570e+00,1.686375184037311570e+00,1.686375184037311570e+00,1.641919505253776279e+00,1.641919505253776279e+00,1.641919505253776279e+00,6.957886894340497008e-01,6.957886894340497008e-01,4.964850091590982117e-01,4.751876835247283992e-01,4.159937555199970660e-01,4.159937555199970660e-01,4.159937555199970660e-01,4.159937555199970660e-01,4.159937555199970660e-01,4.159937555199970660e-01,4.159937555199970660e-01,4.159937555199970660e-01,4.159937555199970660e-01,4.159937555199970660e-01,4.159937555199970660e-01
5.604303918368117365e+00,5.604303918368117365e+00,5.604303918368117365e+00,6.266399516236660361e-01,6.266399516236660361e-01,6.266399516236660361e-01,5.901895842213988885e-01,4.926839169181089773e-01,4.926839169181089773e-01,4.926839169181089773e-01,4.001006877729142985e-01,4.001006877729142985e-01,4.001006877729142985e-01,4.001006877729142985e-01,4.001006877729142985e-01,4.001006877729142985e-01,3.980757067258018367e-01,3.980757067258018367e-01,3.980757067258018367e-01,3.980757067258018367e-01,3.980757067258018367e-01
5.101854702066825453e+00,5.101851131835589470e+00,2.894120495243667435e+00,2.894120495243667435e+00,2.561956596608277792e+00,2.559646044466433956e+00,2.559646044466433956e+00,2.559646044466433956e+00,2.559646044466433956e+00,2.559646044466433956e+00,2.559646044466433956e+00,2.559646044466433956e+00,2.559646044466433956e+00,2.559646044466433956e+00,2.559646044466433956e+00,2.557310810590378125e+00,2.436837499904912718e+00,1.560944475831473000e+00,7.344403766468765582e-01,4.084058169942892391e-01,4.084058169942892391e-01
2.061964464423118315e+01,2.061964464423118315e+01,1.960109085526040573e+01,1.960109085526040573e+01,1.096088903565150474e+01,1.014871721662859194e+01,2.368281142969831166e+00,1.998375997350315458e+00,1.952968725111677628e+00,1.952968725111677628e+00,1.952968725111677628e+00,1.952968725111677628e+00,1.952968725111677628e+00,1.952968725111677628e+00,1.952968725111677628e+00,1.952968725111677628e+00,1.952968725111677628e+00,1.952968725111677628e+00,1.952968725111677628e+00,1.952968725111677628e+00,1.952968725111677628e+00
8.005729131539522925e+00,8.005729131539522925e+00,2.178561155153774465e+00,2.178561155153774465e+00,1.591472904539111610e+00,1.189172278172884845e+00,1.189172278172884845e+00,1.074061113214769492e+00,7.951600031067620478e-01,5.810398091147952471e-01,5.810398091147952471e-01,4.052298525040516353e-01,4.052298525040516353e-01,4.052298525040516353e-01,4.052298525040516353e-01,3.989160080178777434e-01,3.989160080178777434e-01,3.989160080178777434e-01,3.989160080178777434e-01,3.989160080178777434e-01,3.989160080178777434e-01
1.746895377936693805e+00,1.746895377936693805e+00,1.746895377936693805e+00,1.746895377936693805e+00,1.746895377936693805e+00,5.920309964628120980e-01,4.117411504848877968e-01,4.117411504848877968e-01,4.117411504848877968e-01,4.117411504848877968e-01,4.104267044313960611e-01,4.003260468734506361e-01,4.003260468734506361e-01,4.003260468734506361e-01,3.987779441193328722e-01,3.985263589625454017e-01,3.985263589625454017e-01,3.985220957065198633e-01,3.985132111348068662e-01,3.985132111348068662e-01,3.985057479394935598e-01
4.827708080693826176e+00,4.827708080693826176e+00,4.827708080693826176e+00,3.030917926728402989e+00,1.244855684364033266e+00,1.201789146250662910e+00,1.201789146250662910e+00,9.087430996052123788e-01,8.280223398171777660e-01,6.246436573882476750e-01,4.239776049278134451e-01,4.205348559211845583e-01,4.114981483339548163e-01,3.990508621810775480e-01,3.990508621810775480e-01,3.990508621810775480e-01,3.990508621810775480e-01,3.980381160452619582e-01,3.978959762274687506e-01,3.978959762274687506e-01,3.978959762274687506e-01
3.557262108599126726e+00,3.557262108599126726e+00,2.017988001033997669e+00,1.119472412093157843e+00,1.029408946370820033e+00,1.029408946370820033e+00,1.029408946370820033e+00,7.978648015849092445e-01,7.744903496279569310e-01,7.227564294490900210e-01,7.227564294490900210e-01,5.652203275767213597e-01,5.652203275767213597e-01,5.652203275767213597e-01,5.652203275767213597e-01,5.645954193999340731e-01,5.630589471312656968e-01,5.602642189073243628e-01,5.545016262349662384e-01,5.454554431864693242e-01,5.445510962611574968e-01
4.992503075044600891e+00,4.992503075044600891e+00,4.259757135508689174e+00,4.229389777569890541e+00,3.598068879773665074e+00,3.598068879773665074e+00,3.344084030677323405e+00,2.978237350283420959e+00,1.874311397780580535e+00,1.490897734710106448e+00,1.490897734710106448e+00,1.106664303108480851e+00,1.106664303108480851e+00,9.583425442716855258e-01,6.973445269256490775e-01,4.508796978495652752e-01,4.508796978495652752e-01,4.237870502286078533e-01,4.237870502286078533e-01,4.172388652340384141e-01,4.172388652340384141e-01
4.858243836947121252e+00,3.223721176879502437e+00,3.223721176879502437e+00,1.912147219869222425e+00,1.912147219869222425e+00,1.643377533714589944e+00,1.246504699047067177e+00,1.056905830278981995e+00,9.242554851505992985e-01,4.278282082605162628e-01,4.278282082605162628e-01,4.253142138512640003e-01,4.034335803260624687e-01,4.034335803260624687e-01,4.034335803260624687e-01,4.004057761739918675e-01,4.004057761739918675e-01,4.004057761739918675e-01,3.996030982177707358e-01,3.996030982177707358e-01,3.996030982177707358e-01
1.237863797389685772e+00,1.237863797389685772e+00,1.237863797389685772e+00,1.140947911018113103e+00,1.140947911018113103e+00,9.555750936867575263e-01,7.641638449498504571e-01,5.563253171793469676e-01,5.297141364373700867e-01,4.651862280810075134e-01,4.651862280810075134e-01,4.651862280810075134e-01,4.263451479441346947e-01,4.189329922349553925e-01,4.189329922349553925e-01,4.189329922349553925e-01,4.189329922349553925e-01,4.189329922349553925e-01,4.189329922349553925e-01,4.189329922349553925e-01,4.189329922349553925e-01
