3.545196855107315415e+00,3.545196855107315415e+00,3.545196855107315415e+00,3.253760782417362662e+00,2.459082918916640104e+00,2.459082918916640104e+00,9.223289657671518427e-01,9.223289657671518427e-01,9.223289657671518427e-01,9.223289657671518427e-01,5.091529203429523420e-01,5.091529203429523420e-01,5.091529203429523420e-01,5.091529203429523420e-01,4.063952795174188282e-01,4.005107688003466393e-01,4.005107688003466393e-01,4.005107688003466393e-01,4.005107688003466393e-01,3.993430296140978442e-01,3.993127314649420612e-01
9.746850357467707227e+00,9.746850357467707227e+00,9.746850357467707227e+00,9.685548176729264824e+00,9.685548176729264824e+00,4.195462296280652481e+00,2.025195703444768291e+00,2.025195703444768291e+00,2.025195703444768291e+00,2.025195703444768291e+00,2.025195703444768291e+00,1.526001371607188517e+00,1.526001371607188517e+00,1.526001371607188517e+00,1.526001371607188517e+00,8.456189282927297768e-01,4.816881320891130969e-01,4.816881320891130969e-01,4.816881320891130969e-01,4.607944033127964190e-01,4.597953316270917412e-01
7.693125871351418787e+00,7.693125871351418787e+00,5.744735041390361729e+00,5.744735041390361729e+00,5.426088610585928507e-01,5.426088610585928507e-01,5.426088610585928507e-01,4.081497293404598992e-01,4.081497293404598992e-01,4.081497293404598992e-01,4.081497293404598992e-01,4.081497293404598992e-01,4.030394640593808475e-01,4.022735095871237121e-01,4.019930095136210468e-01,4.017800025249833595e-01,4.016011924036853031e-01,4.014322844381208455e-01,4.014322844381208455e-01,4.014322844381208455e-01,4.014322844381208455e-01
5.094302375041932507e+00,5.094302375041932507e+00,5.094302375041932507e+00,5.094302375041932507e+00,3.000108908365334059e+00,3.000108908365334059e+00,3.000108908365334059e+00,3.000108908365334059e+00,3.000108908365334059e+00,4.076393513168952154e-01,4.072836362912326535e-01,4.068982600888695345e-01,4.066597380616840951e-01,4.064110124287498849e-01,4.061688008640178538e-01,4.059241833098727881e-01,4.056457441481384762e-01,4.053373462379070702e-01,4.048651374587848295e-01,4.038365985007406067e-01,4.022240394187921453e-01
8.843966319397878806e+00,1.336554535838786251e+00,1.336554535838786251e+00,7.822313662651900756e-01,7.822313662651900756e-01,7.822313662651900756e-01,7.822313662651900756e-01,7.822313662651900756e-01,4.291461476562687949e-01,3.990112872568989388e-01,3.990112872568989388e-01,3.990112872568989388e-01,3.990112872568989388e-01,3.990112872568989388e-01,3.990112872568989388e-01,3.990112872568989388e-01,3.990112872568989388e-01,3.990112872568989388e-01,3.990112872568989388e-01,3.990112872568989388e-01,3.990112872568989388e-01
6.166339592124312929e+00,4.079170592357872493e-01,4.079170592357872493e-01,4.079170592357872493e-01,4.079170592357872493e-01,4.079170592357872493e-01,4.079170592357872493e-01,4.079170592357872493e-01,4.079170592357872493e-01,4.079170592357872493e-01,4.079170592357872493e-01,4.079170592357872493e-01,4.079170592357872493e-01,4.079170592357872493e-01,4.079170592357872493e-01,4.079170592357872493e-01,4.079170592357872493e-01,4.079170592357872493e-01,4.078462422701232271e-01,4.078462422701232271e-01,4.058913979019607154e-01
1.463105973244504909e+01,1.203182183719174958e+00,4.985937560717577099e-01,4.195901708523290807e-01,3.983702219168119285e-01,3.983702219168119285e-01,3.983702219168119285e-01,3.983702219168119285e-01,3.983702219168119285e-01,3.983702219168119285e-01,3.983702219168119285e-01,3.983702219168119285e-01,3.983702219168119285e-01,3.983702219168119285e-01,3.983345173468926248e-01,3.983345173468926248e-01,3.983022521897705559e-01,3.983022521897705559e-01,3.983022521897705559e-01,3.983022521897705559e-01,3.983022521897705559e-01
2.087576548445779778e+00,2.087576548445779778e+00,8.158775561924915820e-01,6.435847726801373625e-01,5.085410704930772852e-01,4.885446828496444738e-01,4.164351075908232502e-01,4.050847670173869375e-01,4.050847670173869375e-01,4.023762165871875851e-01,4.023762165871875851e-01,4.023762165871875851e-01,4.023762165871875851e-01,4.023762165871875851e-01,4.023762165871875851e-01,3.984310827697452595e-01,3.981215707926537561e-01,3.980478069037562960e-01,3.980478069037562960e-01,3.980478069037562960e-01,3.980478069037562960e-01
1.094298286285527055e+00,5.061166531606797747e-01,5.061166531606797747e-01,5.061166531606797747e-01,5.061166531606797747e-01,5.061166531606797747e-01,5.061166531606797747e-01,5.061166531606797747e-01,5.061166531606797747e-01,5.061166531606797747e-01,5.061166531606797747e-01,5.061166531606797747e-01,5.061166531606797747e-01,5.061166531606797747e-01,5.061166531606797747e-01,5.061166531606797747e-01,5.061166531606797747e-01,5.061166531606797747e-01,5.061166531606797747e-01,5.061166531606797747e-01,4.921721864537769164e-01
1.686375184037311570e+00,1.686375184037311570e+00,1.686375184037311570e+00,6.294569057953491864e-01,6.294569057953491864e-01,6.294569057953491864e-01,5.068761272486703717e-01,5.068761272486703717e-01,5.068761272486703717e-01,4.214880190961753925e-01,4.214880190961753925e-01,4.046415438194763681e-01,4.046415438194763681e-01,4.046415438194763681e-01,4.046415438194763681e-01,4.046415438194763681e-01,3.991314478359377915e-01,3.991314478359377915e-01,3.991314478359377915e-01,3.991314478359377915e-01,3.991314478359377915e-01
5.604303918368117365e+00,5.604303918368117365e+00,5.604303918368117365e+00,4.087652205864233501e+00,4.087652205864233501e+00,9.865955766280745109e-01,9.865955766280745109e-01,9.865955766280745109e-01,9.865955766280745109e-01,4.196534877213977666e-01,3.989518398461413540e-01,3.989518398461413540e-01,3.989518398461413540e-01,3.989518398461413540e-01,3.989518398461413540e-01,3.989518398461413540e-01,3.989518398461413540e-01,3.989518398461413540e-01,3.989518398461413540e-01,3.989518398461413540e-01,3.989518398461413540e-01
5.101854702066825453e+00,5.101854702066825453e+00,4.221812744615914603e+00,2.674859920399859980e+00,1.628638222412824632e+00,1.496292265674389554e+00,1.496292265674389554e+00,6.358429451423450729e-01,4.652338678976715158e-01,4.156720881794360167e-01,4.156720881794360167e-01,4.156720881794360167e-01,4.156720881794360167e-01,4.069597227454710975e-01,4.037244044281944610e-01,4.025358070089790630e-01,4.025358070089790630e-01,4.025358070089790630e-01,4.017187284465748576e-01,4.005855220524701110e-01,4.005855220524701110e-01
2.061964464423118315e+01,2.061964464423118315e+01,1.240287537793427930e+01,1.096088903565150474e+01,2.802652788697550079e+00,1.947614560836651521e+00,1.947614560836651521e+00,1.947614560836651521e+00,1.947614560836651521e+00,1.947614560836651521e+00,1.947614560836651521e+00,1.947614560836651521e+00,1.947614560836651521e+00,1.944346657765839481e+00,1.943640175907923151e+00,1.943394160709303264e+00,1.943285123781176793e+00,1.943227621767244173e+00,1.943191407164894358e+00,1.943168187129845847e+00,1.943168187129845847e+00
8.005729131539522925e+00,8.005729131539522925e+00,3.641357060681283286e+00,3.641357060681283286e+00,3.641357060681283286e+00,3.641357060681283286e+00,1.029098504333459729e+00,4.904833599610665118e-01,3.993542821994058301e-01,3.993542821994058301e-01,3.993542821994058301e-01,3.993542821994058301e-01,3.993542821994058301e-01,3.993542821994058301e-01,3.993542821994058301e-01,3.993542821994058301e-01,3.993542821994058301e-01,3.993542821994058301e-01,3.984236798214642050e-01,3.982878746813547366e-01,3.982460793498852070e-01
1.746895377936693805e+00,9.977753811199967515e-01,9.977753811199967515e-01,5.059345265412993342e-01,4.188242865988467400e-01,4.077090312356315138e-01,4.051856281045100872e-01,4.039078374960354267e-01,4.030251877060813115e-01,4.021867505675302823e-01,4.018264244575977528e-01,4.018264244575977528e-01,4.012529338254253730e-01,4.009795639706084103e-01,4.007718325393945236e-01,4.006137292856468690e-01,4.004427412543449805e-01,4.003005259623453327e-01,4.001567776169885349e-01,4.000350261999514601e-01,3.999140950144912665e-01
4.827708080693826176e+00,4.827708080693826176e+00,3.514558249519177835e+00,1.215396452820760587e+00,1.086225878474735396e+00,1.086225878474735396e+00,1.086225878474735396e+00,4.936365640722772952e-01,4.671909581840907322e-01,4.671909581840907322e-01,4.588757678702179987e-01,4.475180841347441429e-01,4.253297135496740822e-01,4.109645885311152824e-01,4.066428911638908517e-01,4.066428911638908517e-01,4.066428911638908517e-01,4.066428911638908517e-01,4.066428911638908517e-01,4.025315374355020737e-01,4.025315374355020737e-01
3.557262108599126726e+00,3.557262108599126726e+00,7.636522266168164208e-01,5.275208391185621792e-01,5.275208391185621792e-01,5.275208391185621792e-01,4.534227686679219715e-01,4.534227686679219715e-01,4.534227686679219715e-01,4.534227686679219715e-01,4.534227686679219715e-01,4.534227686679219715e-01,4.534227686679219715e-01,4.534227686679219715e-01,4.534227686679219715e-01,4.534227686679219715e-01,4.534227686679219715e-01,4.534227686679219715e-01,4.463840403084571307e-01,4.463840403084571307e-01,4.463840403084571307e-01
4.992503075044600891e+00,4.992503075044600891e+00,3.733714919642577179e+00,3.733714919642577179e+00,3.733714919642577179e+00,3.733714919642577179e+00,3.733714919642577179e+00,1.157289366959318500e+00,4.295344383313910441e-01,4.043686217627477930e-01,4.043686217627477930e-01,4.043686217627477930e-01,4.043686217627477930e-01,4.043686217627477930e-01,4.043686217627477930e-01,4.043686217627477930e-01,4.043686217627477930e-01,4.042638776968932035e-01,4.042638776968932035e-01,4.018962445232059366e-01,4.018962445232059366e-01
4.858243836947121252e+00,3.116512418855117872e+00,1.181754036905457994e+00,1.181754036905457994e+00,1.181754036905457994e+00,1.181754036905457994e+00,6.515073998639717701e-01,5.448750038137042395e-01,4.033198798475385871e-01,4.005941762561757713e-01,4.005941762561757713e-01,4.005941762561757713e-01,4.005941762561757713e-01,4.005941762561757713e-01,4.005941762561757713e-01,4.005941762561757713e-01,4.005941762561757713e-01,4.005941762561757713e-01,4.005941762561757713e-01,4.005941762561757713e-01,4.005941762561757713e-01
1.237863797389685772e+00,1.237863797389685772e+00,1.237863797389685772e+00,8.986288034167522198e-01,8.986288034167522198e-01,8.986288034167522198e-01,8.333918158458413217e-01,8.333918158458413217e-01,8.333918158458413217e-01,8.333918158458413217e-01,8.333918158458413217e-01,5.110457754884905057e-01,5.110457754884905057e-01,4.220659727485092105e-01,4.043897976299568597e-01,4.043897976299568597e-01,4.043897976299568597e-01,4.043897976299568597e-01,4.043897976299568597e-01,4.043897976299568597e-01,4.043897976299568597e-01
