3.545196855107315415e+00,3.545196855107315415e+00,3.545196855107315415e+00,2.050573554184207836e+00,2.050573554184207836e+00,2.050573554184207836e+00,2.050573554184207836e+00,2.050573554184207836e+00,6.788402769470689435e-01,6.788402769470689435e-01,6.788402769470689435e-01,6.788402769470689435e-01,6.788402769470689435e-01,6.788402769470689435e-01,6.788402769470689435e-01,6.788402769470689435e-01,6.788402769470689435e-01,6.788402769470689435e-01,6.788402769470689435e-01,6.788402769470689435e-01,6.788402769470689435e-01
9.746850357467707227e+00,3.791496498459125952e+00,3.791496498459125952e+00,3.791496498459125952e+00,3.791496498459125952e+00,3.791496498459125952e+00,2.246566565659764869e+00,2.246566565659764869e+00,2.246566565659764869e+00,2.246566565659764869e+00,2.246566565659764869e+00,2.246566565659764869e+00,2.246566565659764869e+00,2.230139377098253384e+00,2.230139377098253384e+00,4.709480689773339890e-01,4.709480689773339890e-01,4.709480689773339890e-01,4.709480689773339890e-01,4.709480689773339890e-01,4.709480689773339890e-01
7.693125871351418787e+00,7.693125871351418787e+00,7.693125871351418787e+00,7.693125871351418787e+00,7.693125871351418787e+00,2.083392882305001415e+00,2.083392882305001415e+00,2.083392882305001415e+00,2.083392882305001415e+00,2.083392882305001415e+00,2.083392882305001415e+00,4.509642908937010475e-01,4.509642908937010475e-01,4.509642908937010475e-01,4.509642908937010475e-01,4.509642908937010475e-01,4.509642908937010475e-01,4.509642908937010475e-01,4.509642908937010475e-01,4.509642908937010475e-01,4.509642908937010475e-01
5.094302375041932507e+00,5.094302375041932507e+00,6.335193247446024856e-01,6.335193247446024856e-01,6.335193247446024856e-01,6.335193247446024856e-01,6.335193247446024856e-01,6.335193247446024856e-01,6.335193247446024856e-01,6.335193247446024856e-01,6.335193247446024856e-01,6.335193247446024856e-01,6.335193247446024856e-01,6.335193247446024856e-01,6.335193247446024856e-01,6.335193247446024856e-01,6.335193247446024856e-01,6.335193247446024856e-01,6.335193247446024856e-01,6.335193247446024856e-01,6.335193247446024856e-01
8.843966319397878806e+00,8.843966319397878806e+00,8.843966319397878806e+00,2.368311785771116007e+00,2.368311785771116007e+00,2.368311785771116007e+00,2.368311785771116007e+00,2.368311785771116007e+00,2.368311785771116007e+00,2.368311785771116007e+00,1.973776885383012214e+00,5.280479790356178427e-01,5.280479790356178427e-01,5.280479790356178427e-01,4.378926945645869040e-01,4.378926945645869040e-01,4.378926945645869040e-01,4.276496178309052709e-01,4.276496178309052709e-01,4.276496178309052709e-01,4.276496178309052709e-01
6.166339592124312929e+00,5.747421052116674645e+00,5.105762078832861484e+00,5.105762078832861484e+00,5.105762078832861484e+00,5.105762078832861484e+00,3.211305360667729758e+00,2.016117052113507668e+00,2.016117052113507668e+00,1.406916996460090274e+00,5.008636451653352140e-01,5.008636451653352140e-01,5.008636451653352140e-01,5.008636451653352140e-01,4.996334408451694742e-01,4.967880089744340921e-01,4.957237005557981746e-01,4.950487340011768822e-01,4.945557869243000226e-01,4.942595407006500352e-01,4.939803408799026130e-01
1.463105973244504909e+01,5.084853690033958706e+00,5.084853690033958706e+00,4.596512092422262441e-01,4.596512092422262441e-01,4.596512092422262441e-01,4.596512092422262441e-01,4.596512092422262441e-01,4.596512092422262441e-01,4.596512092422262441e-01,4.596512092422262441e-01,4.596512092422262441e-01,4.596512092422262441e-01,4.596512092422262441e-01,4.596512092422262441e-01,4.596512092422262441e-01,4.596512092422262441e-01,4.596512092422262441e-01,4.596512092422262441e-01,4.596512092422262441e-01,4.596512092422262441e-01
2.087576548445779778e+00,2.087576548445779778e+00,1.434952152911769474e+00,1.434952152911769474e+00,1.434952152911769474e+00,1.434952152911769474e+00,1.434952152911769474e+00,1.434952152911769474e+00,1.434952152911769474e+00,1.434952152911769474e+00,1.434952152911769474e+00,1.434952152911769474e+00,1.434952152911769474e+00,1.434952152911769474e+00,1.434952152911769474e+00,7.785234735444390708e-01,7.785234735444390708e-01,7.785234735444390708e-01,7.785234735444390708e-01,7.785234735444390708e-01,7.785234735444390708e-01
1.094298286285527055e+00,1.094298286285527055e+00,1.094298286285527055e+00,1.094298286285527055e+00,1.094298286285527055e+00,1.094298286285527055e+00,1.094298286285527055e+00,1.094298286285527055e+00,1.094298286285527055e+00,1.094298286285527055e+00,9.863428359355008723e-01,9.863428359355008723e-01,9.863428359355008723e-01,9.863428359355008723e-01,9.863428359355008723e-01,9.863428359355008723e-01,9.863428359355008723e-01,9.863428359355008723e-01,9.863428359355008723e-01,9.863428359355008723e-01,9.863428359355008723e-01
1.686375184037311570e+00,1.686375184037311570e+00,1.686375184037311570e+00,1.686375184037311570e+00,1.686375184037311570e+00,1.686375184037311570e+00,1.686375184037311570e+00,1.686375184037311570e+00,1.686375184037311570e+00,1.686375184037311570e+00,1.686375184037311570e+00,1.686375184037311570e+00,1.686375184037311570e+00,1.686375184037311570e+00,1.686375184037311570e+00,1.686375184037311570e+00,1.686375184037311570e+00,1.686375184037311570e+00,1.686375184037311570e+00,4.269391644781777018e-01,4.269391644781777018e-01
5.604303918368117365e+00,5.604303918368117365e+00,5.604303918368117365e+00,3.665544975693116214e+00,3.665544975693116214e+00,3.665544975693116214e+00,3.665544975693116214e+00,1.943150432102331848e+00,1.943150432102331848e+00,5.260020719137905587e-01,5.260020719137905587e-01,5.260020719137905587e-01,5.260020719137905587e-01,5.260020719137905587e-01,5.260020719137905587e-01,5.260020719137905587e-01,5.260020719137905587e-01,5.260020719137905587e-01,5.260020719137905587e-01,5.260020719137905587e-01,5.260020719137905587e-01
5.101854702066825453e+00,4.880588517514697244e+00,4.880588517514697244e+00,4.880588517514697244e+00,4.880588517514697244e+00,3.207872965206870042e+00,3.207872965206870042e+00,3.207872965206870042e+00,3.207872965206870042e+00,6.248020896867938490e-01,6.248020896867938490e-01,6.248020896867938490e-01,6.248020896867938490e-01,6.248020896867938490e-01,6.248020896867938490e-01,6.248020896867938490e-01,6.248020896867938490e-01,6.248020896867938490e-01,6.248020896867938490e-01,6.248020896867938490e-01,6.248020896867938490e-01
2.061964464423118315e+01,1.901389349691842767e+01,1.096088903565150474e+01,1.096088903565150474e+01,1.096088903565150474e+01,2.232566386712518280e+00,2.232566386712518280e+00,2.232566386712518280e+00,8.684222529073988284e-01,8.684222529073988284e-01,8.684222529073988284e-01,4.801095730669864281e-01,4.629456000560754347e-01,4.629456000560754347e-01,4.629456000560754347e-01,4.525827185710014078e-01,4.520656380533765173e-01,4.520656380533765173e-01,4.520656380533765173e-01,4.520656380533765173e-01,4.520656380533765173e-01
8.005729131539522925e+00,8.005729131539522925e+00,8.005729131539522925e+00,8.005729131539522925e+00,8.005729131539522925e+00,2.186437633874235509e+00,2.186437633874235509e+00,2.186437633874235509e+00,2.186437633874235509e+00,2.186437633874235509e+00,2.186437633874235509e+00,2.186437633874235509e+00,2.186437633874235509e+00,2.186437633874235509e+00,2.186437633874235509e+00,2.186437633874235509e+00,2.186437633874235509e+00,8.945416722098613604e-01,6.544409606248979827e-01,6.544409606248979827e-01,5.408627559385106309e-01
1.746895377936693805e+00,1.746895377936693805e+00,1.746895377936693805e+00,1.746895377936693805e+00,1.746895377936693805e+00,1.746895377936693805e+00,1.746895377936693805e+00,1.746895377936693805e+00,1.746895377936693805e+00,1.746895377936693805e+00,1.746895377936693805e+00,1.746895377936693805e+00,1.746895377936693805e+00,1.114340841951888095e+00,1.114340841951888095e+00,1.114340841951888095e+00,1.114340841951888095e+00,1.114340841951888095e+00,9.293802607807037930e-01,8.085077367985977759e-01,6.153459220309756006e-01
4.827708080693826176e+00,4.827708080693826176e+00,4.827708080693826176e+00,4.827708080693826176e+00,2.117756885547614765e+00,6.606825279002475071e-01,6.606825279002475071e-01,6.606825279002475071e-01,6.606825279002475071e-01,6.606825279002475071e-01,6.606825279002475071e-01,6.606825279002475071e-01,5.032314526505281549e-01,5.032314526505281549e-01,5.032314526505281549e-01,4.984516905513292073e-01,4.984516905513292073e-01,4.981826592034437340e-01,4.951659760802282761e-01,4.951659760802282761e-01,4.951659760802282761e-01
3.557262108599126726e+00,3.557262108599126726e+00,1.966865336021053068e+00,1.966865336021053068e+00,1.966865336021053068e+00,1.966865336021053068e+00,1.966865336021053068e+00,1.966865336021053068e+00,1.966865336021053068e+00,1.966865336021053068e+00,1.953734807206108925e+00,1.953734807206108925e+00,1.953734807206108925e+00,1.953734807206108925e+00,1.953734807206108925e+00,1.953734807206108925e+00,1.953734807206108925e+00,1.953734807206108925e+00,4.821017663292774813e-01,4.821017663292774813e-01,4.821017663292774813e-01
4.992503075044600891e+00,4.992503075044600891e+00,4.992503075044600891e+00,4.992503075044600891e+00,4.992503075044600891e+00,3.898114694627329513e+00,3.898114694627329513e+00,3.898114694627329513e+00,1.297821934490176687e+00,1.297821934490176687e+00,1.297821934490176687e+00,1.297821934490176687e+00,1.297821934490176687e+00,1.297821934490176687e+00,4.481557113700471717e-01,4.481557113700471717e-01,4.481557113700471717e-01,4.481557113700471717e-01,4.481557113700471717e-01,4.481557113700471717e-01,4.481557113700471717e-01
4.858243836947121252e+00,4.858243836947121252e+00,4.858243836947121252e+00,4.858243836947121252e+00,4.858243836947121252e+00,4.858243836947121252e+00,3.581853711802364337e+00,1.961479412733224237e+00,1.961479412733224237e+00,1.961479412733224237e+00,1.961479412733224237e+00,1.961479412733224237e+00,6.285694954356007003e-01,6.285694954356007003e-01,6.285694954356007003e-01,6.285694954356007003e-01,6.285694954356007003e-01,6.280981416185884569e-01,6.280981416185884569e-01,6.280981416185884569e-01,4.587177120981671408e-01
1.237863797389685772e+00,1.237863797389685772e+00,1.237863797389685772e+00,1.237863797389685772e+00,1.237863797389685772e+00,1.237863797389685772e+00,1.237863797389685772e+00,1.237863797389685772e+00,1.237863797389685772e+00,1.237863797389685772e+00,1.237863797389685772e+00,1.237863797389685772e+00,1.237863797389685772e+00,1.237863797389685772e+00,1.237863797389685772e+00,1.237863797389685772e+00,1.237863797389685772e+00,1.237863797389685772e+00,1.237863797389685772e+00,1.237863797389685772e+00,1.237863797389685772e+00
