1.123739488349553728e+00,1.123739488349553728e+00,8.090006097421271747e-01,8.090006097421271747e-01,8.090006097421271747e-01,8.090006097421271747e-01,8.090006097421271747e-01,8.090006097421271747e-01,8.090006097421271747e-01,8.090006097421271747e-01,8.090006097421271747e-01,8.090006097421271747e-01,8.090006097421271747e-01,8.090006097421271747e-01,8.090006097421271747e-01,5.116762631454878640e-01,5.116762631454878640e-01,5.116762631454878640e-01,2.573335126944634177e-01,1.642384804565520939e-01,1.642384804565520939e-01
9.786224436999179099e-01,9.786224436999179099e-01,9.786224436999179099e-01,1.200111634850408449e-01,1.200111634850408449e-01,1.200111634850408449e-01,1.200111634850408449e-01,1.200111634850408449e-01,1.200111634850408449e-01,1.200111634850408449e-01,1.200111634850408449e-01,1.200111634850408449e-01,1.200111634850408449e-01,1.200111634850408449e-01,1.200111634850408449e-01,1.200111634850408449e-01,1.200111634850408449e-01,1.200111634850408449e-01,1.200111634850408449e-01,1.200111634850408449e-01,1.200111634850408449e-01
2.554335564066173792e+00,2.151313697228400379e+00,2.151313697228400379e+00,6.402137543252279794e-01,6.402137543252279794e-01,6.402137543252279794e-01,6.402137543252279794e-01,6.402137543252279794e-01,6.402137543252279794e-01,6.402137543252279794e-01,6.402137543252279794e-01,6.402137543252279794e-01,6.402137543252279794e-01,6.402137543252279794e-01,6.402137543252279794e-01,6.402137543252279794e-01,6.402137543252279794e-01,6.402137543252279794e-01,6.402137543252279794e-01,6.402137543252279794e-01,6.402137543252279794e-01
3.034723081567749059e+00,2.747064874070166418e+00,2.747064874070166418e+00,2.747064874070166418e+00,2.747064874070166418e+00,1.079026746817431937e+00,1.001102316863967667e+00,9.004900340614192811e-02,9.004900340614192811e-02,9.004900340614192811e-02,9.004900340614192811e-02,9.004900340614192811e-02,9.004900340614192811e-02,9.004900340614192811e-02,9.004900340614192811e-02,9.004900340614192811e-02,9.004900340614192811e-02,9.004900340614192811e-02,9.004900340614192811e-02,9.004900340614192811e-02,9.004900340614192811e-02
2.265903093837675353e-01,2.265903093837675353e-01,2.265903093837675353e-01,2.265903093837675353e-01,2.126682078343172522e-01,2.126682078343172522e-01,2.126682078343172522e-01,2.126682078343172522e-01,2.126682078343172522e-01,2.126682078343172522e-01,2.126682078343172522e-01,2.126682078343172522e-01,2.126682078343172522e-01,2.126682078343172522e-01,2.126682078343172522e-01,2.126682078343172522e-01,2.126682078343172522e-01,2.126682078343172522e-01,2.126682078343172522e-01,2.126682078343172522e-01,2.126682078343172522e-01
1.976889765619293193e+00,8.600428576412204318e-02,8.600428576412204318e-02,8.600428576412204318e-02,8.600428576412204318e-02,8.600428576412204318e-02,8.600428576412204318e-02,8.600428576412204318e-02,8.600428576412204318e-02,8.600428576412204318e-02,8.600428576412204318e-02,8.600428576412204318e-02,8.600428576412204318e-02,8.600428576412204318e-02,1.459041123742984246e-02,1.459041123742984246e-02,1.459041123742984246e-02,1.459041123742984246e-02,1.459041123742984246e-02,3.168038387063834734e-03,3.168038387063834734e-03
3.289367688119603228e-01,3.289367688119603228e-01,3.289367688119603228e-01,3.289367688119603228e-01,3.289367688119603228e-01,3.289367688119603228e-01,3.289367688119603228e-01,3.289367688119603228e-01,3.289367688119603228e-01,3.289367688119603228e-01,3.289367688119603228e-01,3.289367688119603228e-01,3.289367688119603228e-01,3.289367688119603228e-01,3.289367688119603228e-01,3.289367688119603228e-01,3.289367688119603228e-01,3.289367688119603228e-01,3.289367688119603228e-01,3.289367688119603228e-01,3.289367688119603228e-01
9.330308313106012996e-02,9.330308313106012996e-02,9.330308313106012996e-02,9.330308313106012996e-02,9.330308313106012996e-02,9.330308313106012996e-02,9.330308313106012996e-02,9.330308313106012996e-02,9.330308313106012996e-02,9.330308313106012996e-02,9.330308313106012996e-02,9.330308313106012996e-02,9.330308313106012996e-02,9.330308313106012996e-02,9.330308313106012996e-02,9.330308313106012996e-02,9.330308313106012996e-02,9.330308313106012996e-02,9.330308313106012996e-02,9.330308313106012996e-02,9.330308313106012996e-02
6.848501770639441322e-01,7.693776291151881164e-02,7.693776291151881164e-02,7.693776291151881164e-02,7.693776291151881164e-02,7.693776291151881164e-02,7.693776291151881164e-02,7.693776291151881164e-02,7.693776291151881164e-02,7.693776291151881164e-02,7.693776291151881164e-02,7.693776291151881164e-02,7.693776291151881164e-02,7.693776291151881164e-02,7.693776291151881164e-02,7.693776291151881164e-02,7.693776291151881164e-02,7.693776291151881164e-02,7.693776291151881164e-02,7.693776291151881164e-02,7.693776291151881164e-02
1.988956638714424852e+00,2.336804510856167472e-01,2.336804510856167472e-01,2.336804510856167472e-01,2.336804510856167472e-01,2.336804510856167472e-01,6.708689988837271412e-02,6.708689988837271412e-02,6.708689988837271412e-02,6.708689988837271412e-02,6.708689988837271412e-02,6.708689988837271412e-02,6.708689988837271412e-02,6.708689988837271412e-02,6.708689988837271412e-02,6.708689988837271412e-02,6.708689988837271412e-02,6.708689988837271412e-02,6.708689988837271412e-02,6.708689988837271412e-02,6.708689988837271412e-02
7.547893886269124719e-01,7.547893886269124719e-01,7.547893886269124719e-01,7.547893886269124719e-01,7.547893886269124719e-01,7.547893886269124719e-01,7.547893886269124719e-01,7.547893886269124719e-01,7.547893886269124719e-01,7.547893886269124719e-01,7.547893886269124719e-01,7.547893886269124719e-01,7.547893886269124719e-01,7.547893886269124719e-01,7.547893886269124719e-01,7.547893886269124719e-01,7.547893886269124719e-01,7.547893886269124719e-01,7.547893886269124719e-01,7.547893886269124719e-01,7.547893886269124719e-01
2.933664014658089236e+00,2.820438351262348764e+00,9.001074597717849679e-01,9.001074597717849679e-01,9.001074597717849679e-01,9.001074597717849679e-01,9.001074597717849679e-01,9.001074597717849679e-01,1.469257252756590026e-01,1.469257252756590026e-01,1.469257252756590026e-01,1.469257252756590026e-01,1.469257252756590026e-01,1.469257252756590026e-01,1.469257252756590026e-01,1.469257252756590026e-01,1.469257252756590026e-01,1.469257252756590026e-01,1.469257252756590026e-01,1.469257252756590026e-01,1.469257252756590026e-01
4.581211569774430004e+00,4.581211569774430004e+00,4.581211569774430004e+00,1.531848372233723721e+00,5.698446576578428679e-01,5.698446576578428679e-01,5.698446576578428679e-01,5.698446576578428679e-01,5.698446576578428679e-01,5.698446576578428679e-01,5.698446576578428679e-01,5.698446576578428679e-01,5.698446576578428679e-01,5.698446576578428679e-01,5.698446576578428679e-01,5.698446576578428679e-01,5.698446576578428679e-01,5.698446576578428679e-01,5.698446576578428679e-01,5.698446576578428679e-01,5.698446576578428679e-01
3.254693706722271429e-01,2.424292188972219930e-01,2.424292188972219930e-01,2.424292188972219930e-01,2.424292188972219930e-01,2.424292188972219930e-01,2.424292188972219930e-01,2.424292188972219930e-01,2.424292188972219930e-01,2.424292188972219930e-01,2.424292188972219930e-01,2.424292188972219930e-01,2.424292188972219930e-01,2.424292188972219930e-01,2.424292188972219930e-01,2.424292188972219930e-01,2.424292188972219930e-01,2.424292188972219930e-01,2.424292188972219930e-01,2.424292188972219930e-01,2.424292188972219930e-01
1.663240601856732503e+00,3.946694914337967042e-01,3.946694914337967042e-01,3.946694914337967042e-01,2.138853277086496529e-01,2.138853277086496529e-01,4.688096157016415078e-02,4.688096157016415078e-02,4.688096157016415078e-02,4.688096157016415078e-02,4.688096157016415078e-02,4.688096157016415078e-02,4.688096157016415078e-02,4.688096157016415078e-02,4.688096157016415078e-02,4.688096157016415078e-02,4.688096157016415078e-02,4.688096157016415078e-02,4.688096157016415078e-02,2.743198681903800257e-02,2.743198681903800257e-02
1.138655027989607493e+00,1.014437463164481745e-01,1.014437463164481745e-01,1.014437463164481745e-01,1.014437463164481745e-01,1.014437463164481745e-01,1.014437463164481745e-01,1.014437463164481745e-01,1.014437463164481745e-01,1.014437463164481745e-01,1.014437463164481745e-01,1.014437463164481745e-01,4.325817330865053267e-02,4.325817330865053267e-02,4.325817330865053267e-02,4.325817330865053267e-02,4.325817330865053267e-02,4.325817330865053267e-02,4.325817330865053267e-02,4.325817330865053267e-02,4.325817330865053267e-02
4.052952084998064031e+00,4.052952084998064031e+00,4.052952084998064031e+00,3.695697281115291055e+00,3.695697281115291055e+00,3.695697281115291055e+00,3.695697281115291055e+00,3.695697281115291055e+00,3.695697281115291055e+00,3.695697281115291055e+00,2.837434223770012309e+00,1.592499218537529071e+00,9.492899165351070812e-01,5.931182219950325019e-01,9.631771475311282082e-02,9.631771475311282082e-02,9.631771475311282082e-02,5.792362691964407506e-02,5.792362691964407506e-02,5.792362691964407506e-02,5.792362691964407506e-02
4.524335751541498363e-01,4.524335751541498363e-01,4.524335751541498363e-01,4.524335751541498363e-01,4.524335751541498363e-01,4.524335751541498363e-01,4.524335751541498363e-01,4.524335751541498363e-01,4.524335751541498363e-01,4.524335751541498363e-01,4.524335751541498363e-01,4.524335751541498363e-01,4.524335751541498363e-01,4.524335751541498363e-01,4.524335751541498363e-01,4.524335751541498363e-01,4.524335751541498363e-01,4.524335751541498363e-01,4.524335751541498363e-01,4.524335751541498363e-01,4.524335751541498363e-01
3.768497050691910766e-01,3.768497050691910766e-01,3.768497050691910766e-01,3.768497050691910766e-01,3.768497050691910766e-01,2.716945900683623294e-01,2.716945900683623294e-01,2.716945900683623294e-01,2.716945900683623294e-01,2.064346416296934106e-01,2.064346416296934106e-01,2.060418547648348586e-01,2.029167892635129200e-01,2.003395167446451741e-01,2.003395167446451741e-01,2.003395167446451741e-01,2.003395167446451741e-01,2.003395167446451741e-01,2.003395167446451741e-01,2.003395167446451741e-01,2.003395167446451741e-01
4.016495471915926707e+00,3.631735906653201340e+00,2.831725211304062295e+00,2.831725211304062295e+00,6.185096440086347291e-01,6.185096440086347291e-01,8.483965837998136417e-02,8.483965837998136417e-02,8.483965837998136417e-02,8.483965837998136417e-02,8.483965837998136417e-02,8.483965837998136417e-02,8.483965837998136417e-02,8.483965837998136417e-02,8.483965837998136417e-02,8.483965837998136417e-02,8.483965837998136417e-02,8.483965837998136417e-02,8.483965837998136417e-02,8.483965837998136417e-02,8.483965837998136417e-02
