1.123739488349553728e+00,4.801995523029644608e-01,4.801995523029644608e-01,2.548580016789983027e-01,2.548580016789983027e-01,1.193726013248548323e-01,2.618593878495263996e-02,2.618593878495263996e-02,2.618593878495263996e-02,2.618593878495263996e-02,2.618593878495263996e-02,2.618593878495263996e-02,2.618593878495263996e-02,2.618593878495263996e-02,2.618593878495263996e-02,2.618593878495263996e-02,2.618593878495263996e-02,2.618593878495263996e-02,2.618593878495263996e-02,2.618593878495263996e-02,2.618593878495263996e-02
9.786224436999179099e-01,9.786224436999179099e-01,9.786224436999179099e-01,9.786224436999179099e-01,9.786224436999179099e-01,9.786224436999179099e-01,9.786224436999179099e-01,5.321379399740623628e-03,5.321379399740623628e-03,5.321379399740623628e-03,5.321379399740623628e-03,5.321379399740623628e-03,5.321379399740623628e-03,5.321379399740623628e-03,5.321379399740623628e-03,3.952114982145102720e-03,3.952114982145102720e-03,3.952114982145102720e-03,3.952114982145102720e-03,3.952114982145102720e-03,3.952114982145102720e-03
2.554335564066173792e+00,2.064140061905949342e+00,1.414369500694454995e+00,1.414369500694454995e+00,1.414369500694454995e+00,1.414369500694454995e+00,1.340571930529992573e+00,4.613159421420626183e-01,2.337406825797113397e-01,2.337406825797113397e-01,2.220881054673326527e-01,2.220881054673326527e-01,2.220881054673326527e-01,2.220881054673326527e-01,2.220881054673326527e-01,2.220881054673326527e-01,2.220881054673326527e-01,2.220881054673326527e-01,2.220881054673326527e-01,2.220881054673326527e-01,2.220881054673326527e-01
3.034723081567749059e+00,3.034723081567749059e+00,1.406903801128206899e+00,1.241876054694344811e+00,1.241876054694344811e+00,7.954922009850433628e-01,7.954922009850433628e-01,4.651741221147184108e-02,4.651741221147184108e-02,4.651741221147184108e-02,4.651741221147184108e-02,1.209325348232086321e-05,1.209325348232086321e-05,1.209325348232086321e-05,1.209325348232086321e-05,1.209325348232086321e-05,1.209325348232086321e-05,1.209325348232086321e-05,1.209325348232086321e-05,1.209325348232086321e-05,1.209325348232086321e-05
2.265903093837675353e-01,2.265903093837675353e-01,2.265903093837675353e-01,2.265903093837675353e-01,1.109606987038272985e-01,7.383633874442004086e-02,7.383633874442004086e-02,7.383633874442004086e-02,7.383633874442004086e-02,1.304458542326417114e-02,1.304458542326417114e-02,1.304458542326417114e-02,1.304458542326417114e-02,1.304458542326417114e-02,1.304458542326417114e-02,1.304458542326417114e-02,1.304458542326417114e-02,1.304458542326417114e-02,1.304458542326417114e-02,1.304458542326417114e-02,1.304458542326417114e-02
1.976889765619293193e+00,1.976889765619293193e+00,1.976889765619293193e+00,1.976889765619293193e+00,1.518952508803120161e+00,5.878120494926359907e-01,5.878120494926359907e-01,2.377201504956931999e-01,2.377201504956931999e-01,2.377201504956931999e-01,2.377201504956931999e-01,2.377201504956931999e-01,2.377201504956931999e-01,2.377201504956931999e-01,2.377201504956931999e-01,2.377201504956931999e-01,1.327287131461069580e-01,1.327287131461069580e-01,2.222343884848931167e-02,2.222343884848931167e-02,2.222343884848931167e-02
3.289367688119603228e-01,2.297532292453860758e-01,2.297532292453860758e-01,2.297532292453860758e-01,2.297532292453860758e-01,2.297532292453860758e-01,2.021101563926102629e-01,2.021101563926102629e-01,2.021101563926102629e-01,2.021101563926102629e-01,2.021101563926102629e-01,2.021101563926102629e-01,2.021101563926102629e-01,2.021101563926102629e-01,2.021101563926102629e-01,2.021101563926102629e-01,2.021101563926102629e-01,2.021101563926102629e-01,1.450150749462890964e-01,4.160204697069314062e-02,2.781466420912104970e-02
9.330308313106012996e-02,9.330308313106012996e-02,9.330308313106012996e-02,9.330308313106012996e-02,8.887070110609624277e-03,8.887070110609624277e-03,8.887070110609624277e-03,8.887070110609624277e-03,8.887070110609624277e-03,8.887070110609624277e-03,8.887070110609624277e-03,8.887070110609624277e-03,8.887070110609624277e-03,8.887070110609624277e-03,7.185663854702969977e-03,7.185663854702969977e-03,7.185663854702969977e-03,7.185663854702969977e-03,7.185663854702969977e-03,7.185663854702969977e-03,7.185663854702969977e-03
6.848501770639441322e-01,2.107190855193115941e-01,2.107190855193115941e-01,2.107190855193115941e-01,2.107190855193115941e-01,1.860925353290558970e-01,1.860925353290558970e-01,1.860925353290558970e-01,1.860925353290558970e-01,1.860925353290558970e-01,1.860925353290558970e-01,1.860925353290558970e-01,1.860925353290558970e-01,1.860925353290558970e-01,9.827396819185983678e-02,9.032459138809473959e-03,9.032459138809473959e-03,9.032459138809473959e-03,9.032459138809473959e-03,9.032459138809473959e-03,9.032459138809473959e-03
1.988956638714424852e+00,1.527450916370961753e+00,4.670998420219093505e-01,1.590381879740071780e-01,1.590381879740071780e-01,1.047207135716653609e-01,2.233308517525123618e-02,2.233308517525123618e-02,2.233308517525123618e-02,2.233308517525123618e-02,2.233308517525123618e-02,2.233308517525123618e-02,2.233308517525123618e-02,2.233308517525123618e-02,2.233308517525123618e-02,2.233308517525123618e-02,2.233308517525123618e-02,2.233308517525123618e-02,6.985372335853161363e-03,6.985372335853161363e-03,6.985372335853161363e-03
7.547893886269124719e-01,2.075653984447193845e-01,2.075653984447193845e-01,2.075653984447193845e-01,2.075653984447193845e-01,2.075653984447193845e-01,2.075653984447193845e-01,2.075653984447193845e-01,1.147708252726822031e-01,1.147708252726822031e-01,1.147708252726822031e-01,1.147708252726822031e-01,1.147708252726822031e-01,1.147708252726822031e-01,1.147708252726822031e-01,1.147708252726822031e-01,1.147708252726822031e-01,1.147708252726822031e-01,1.147708252726822031e-01,1.147708252726822031e-01,1.147708252726822031e-01
2.933664014658089236e+00,2.933664014658089236e+00,1.207752163597300532e+00,1.207752163597300532e+00,3.021970556978161304e-01,3.021970556978161304e-01,2.339891666481544730e-01,2.339891666481544730e-01,2.339891666481544730e-01,2.339891666481544730e-01,2.339891666481544730e-01,2.339891666481544730e-01,2.339891666481544730e-01,2.339891666481544730e-01,2.339891666481544730e-01,2.339891666481544730e-01,2.339891666481544730e-01,2.339891666481544730e-01,2.339891666481544730e-01,2.339891666481544730e-01,2.339891666481544730e-01
4.581211569774430004e+00,4.581211569774430004e+00,2.298196034656391440e+00,1.260872153488451275e+00,5.910624417237234640e-01,2.159999344418903344e-01,2.159999344418903344e-01,2.159999344418903344e-01,2.159999344418903344e-01,1.634686599944730478e-01,1.634686599944730478e-01,1.634686599944730478e-01,1.634686599944730478e-01,1.634686599944730478e-01,8.572848335204713566e-02,8.572848335204713566e-02,8.572848335204713566e-02,8.572848335204713566e-02,8.572848335204713566e-02,8.572848335204713566e-02,8.572848335204713566e-02
3.254693706722271429e-01,1.303641585557054894e-01,1.141986381824788982e-01,1.141986381824788982e-01,1.141986381824788982e-01,1.141986381824788982e-01,1.141986381824788982e-01,5.494909541857424806e-02,5.494909541857424806e-02,5.494909541857424806e-02,5.494909541857424806e-02,5.494909541857424806e-02,5.494909541857424806e-02,5.494909541857424806e-02,5.494909541857424806e-02,5.494909541857424806e-02,5.494909541857424806e-02,5.494909541857424806e-02,5.494909541857424806e-02,5.494909541857424806e-02,5.494909541857424806e-02
1.663240601856732503e+00,2.702639262072173976e-01,2.702639262072173976e-01,2.702639262072173976e-01,2.702639262072173976e-01,2.255336582027336056e-01,1.474649293120573572e-02,1.474649293120573572e-02,1.474649293120573572e-02,1.474649293120573572e-02,1.474649293120573572e-02,1.474649293120573572e-02,1.474649293120573572e-02,1.474649293120573572e-02,1.474649293120573572e-02,1.474649293120573572e-02,1.474649293120573572e-02,1.474649293120573572e-02,1.474649293120573572e-02,1.474649293120573572e-02,1.474649293120573572e-02
1.138655027989607493e+00,6.804886981142288516e-01,5.590691714105228138e-02,5.590691714105228138e-02,3.265008473204124295e-02,3.265008473204124295e-02,3.265008473204124295e-02,8.820745050590345776e-03,8.820745050590345776e-03,8.820745050590345776e-03,8.820745050590345776e-03,8.820745050590345776e-03,8.820745050590345776e-03,8.820745050590345776e-03,8.820745050590345776e-03,8.820745050590345776e-03,8.820745050590345776e-03,8.820745050590345776e-03,8.820745050590345776e-03,8.820745050590345776e-03,8.820745050590345776e-03
4.052952084998064031e+00,4.052952084998064031e+00,4.052952084998064031e+00,4.052952084998064031e+00,4.052952084998064031e+00,4.052952084998064031e+00,4.052952084998064031e+00,3.638863125567685319e+00,3.638863125567685319e+00,3.638863125567685319e+00,3.638863125567685319e+00,3.034051577843863257e+00,3.034051577843863257e+00,2.763207251953479382e+00,2.763207251953479382e+00,2.763207251953479382e+00,2.763207251953479382e+00,2.763207251953479382e+00,2.635099877110604449e+00,2.635099877110604449e+00,2.569344314764602455e+00
4.524335751541498363e-01,4.524335751541498363e-01,2.373419632362965825e-01,2.373419632362965825e-01,1.742325963076299944e-01,1.742325963076299944e-01,2.669089014620453643e-02,2.669089014620453643e-02,2.669089014620453643e-02,2.669089014620453643e-02,2.669089014620453643e-02,2.669089014620453643e-02,2.669089014620453643e-02,2.669089014620453643e-02,2.669089014620453643e-02,2.669089014620453643e-02,2.669089014620453643e-02,2.669089014620453643e-02,2.669089014620453643e-02,2.669089014620453643e-02,2.669089014620453643e-02
3.768497050691910766e-01,3.768497050691910766e-01,2.718019132840187035e-01,2.718019132840187035e-01,2.718019132840187035e-01,2.718019132840187035e-01,2.718019132840187035e-01,4.424072316128233040e-02,1.036952451513125338e-02,1.036952451513125338e-02,1.036952451513125338e-02,1.036952451513125338e-02,1.036952451513125338e-02,1.036952451513125338e-02,1.036952451513125338e-02,1.036952451513125338e-02,1.036952451513125338e-02,1.036952451513125338e-02,1.036952451513125338e-02,1.036952451513125338e-02,1.036952451513125338e-02
4.016495471915926707e+00,3.938289561527339444e+00,3.914426899067287913e+00,3.914426899067287913e+00,3.310559075673632279e+00,1.194151198780602163e+00,1.194151198780602163e+00,1.056172863767008030e+00,1.056172863767008030e+00,1.056172863767008030e+00,1.056172863767008030e+00,1.056172863767008030e+00,5.980380086194809763e-01,1.750055093020357611e-01,2.875442280283757764e-03,2.875442280283757764e-03,2.875442280283757764e-03,2.875442280283757764e-03,2.875442280283757764e-03,2.875442280283757764e-03,2.875442280283757764e-03
