1.123739488349553728e+00,4.802010022794483413e-01,4.802010022794483413e-01,2.660070618472911153e-01,2.660070618472911153e-01,2.660070618472911153e-01,1.752627024621637164e-01,9.107640314896230799e-03,9.107640314896230799e-03,9.107640314896230799e-03,9.107640314896230799e-03,9.107640314896230799e-03,1.308473109705044629e-03,1.308473109705044629e-03,1.308473109705044629e-03,6.530101330719513368e-04,6.530101330719513368e-04,6.530101330719513368e-04,6.530101330719513368e-04,6.530101330719513368e-04,6.530101330719513368e-04
9.786224436999179099e-01,9.786224436999179099e-01,9.786224436999179099e-01,9.786224436999179099e-01,9.786224436999179099e-01,9.786224436999179099e-01,2.572170259140036386e-01,3.168892655183776219e-02,3.168892655183776219e-02,2.213503289586404160e-02,1.499888522650943967e-02,1.499888522650943967e-02,1.499888522650943967e-02,1.499888522650943967e-02,1.499888522650943967e-02,1.499888522650943967e-02,1.499888522650943967e-02,1.499888522650943967e-02,1.499888522650943967e-02,1.499888522650943967e-02,1.499888522650943967e-02
2.554335564066173792e+00,2.064139785578190445e+00,1.414370100396543428e+00,1.414370100396543428e+00,1.414370100396543428e+00,1.414370100396543428e+00,1.414370100396543428e+00,1.073393213780354793e+00,3.526161229611597947e-01,3.148882929869791791e-01,3.148882929869791791e-01,2.221190368252841107e-01,1.840083073176358719e-01,1.840083073176358719e-01,1.840083073176358719e-01,1.691548065848361127e-04,1.691548065848361127e-04,1.691548065848361127e-04,1.691548065848361127e-04,1.691548065848361127e-04,1.691548065848361127e-04
3.034723081567749059e+00,2.870330356633095104e+00,1.402483218860357761e+00,7.088329680689899881e-01,6.238289849316409619e-01,2.285702890516275176e-01,2.285702890516275176e-01,2.285702890516275176e-01,2.285702890516275176e-01,2.285702890516275176e-01,1.937374053427605436e-01,1.937374053427605436e-01,1.937374053427605436e-01,1.937374053427605436e-01,1.937374053427605436e-01,1.937374053427605436e-01,1.937374053427605436e-01,1.937374053427605436e-01,1.937374053427605436e-01,1.937374053427605436e-01,1.937374053427605436e-01
2.265903093837675353e-01,2.265903093837675353e-01,2.265903093837675353e-01,2.265903093837675353e-01,9.539410821887456260e-02,9.539410821887456260e-02,1.166677930348025694e-03,1.166677930348025694e-03,1.166677930348025694e-03,1.166677930348025694e-03,1.166677930348025694e-03,1.166677930348025694e-03,1.166677930348025694e-03,1.166677930348025694e-03,4.505636765580898410e-04,4.505636765580898410e-04,4.505636765580898410e-04,4.505636765580898410e-04,4.505636765580898410e-04,4.505636765580898410e-04,4.505636765580898410e-04
1.976889765619293193e+00,1.700092330430968079e+00,1.700092330430968079e+00,1.168803624632312577e+00,1.138067630116537110e+00,1.138067630116537110e+00,1.138067630116537110e+00,1.138067630116537110e+00,7.035177097961737847e-01,3.013567759932729295e-01,2.155078870200888841e-01,2.155078870200888841e-01,3.034746566537565443e-02,1.640870794896025220e-02,1.640870794896025220e-02,1.640870794896025220e-02,1.640870794896025220e-02,1.640870794896025220e-02,1.640870794896025220e-02,1.640870794896025220e-02,1.640870794896025220e-02
3.289367688119603228e-01,2.754020212516364308e-01,2.754020212516364308e-01,2.754020212516364308e-01,2.754020212516364308e-01,2.754020212516364308e-01,1.898934085075321132e-01,1.898934085075321132e-01,1.898934085075321132e-01,1.898934085075321132e-01,1.898934085075321132e-01,1.898934085075321132e-01,1.898934085075321132e-01,1.394294267192481562e-01,8.281912479301222624e-03,2.230528395907848457e-03,2.230528395907848457e-03,2.230528395907848457e-03,2.230528395907848457e-03,2.230528395907848457e-03,2.230528395907848457e-03
9.330308313106012996e-02,9.330308313106012996e-02,9.330308313106012996e-02,9.330308313106012996e-02,1.404463104592173703e-02,1.404463104592173703e-02,1.435169318743599305e-04,1.435169318743599305e-04,1.435169318743599305e-04,1.435169318743599305e-04,1.435169318743599305e-04,1.435169318743599305e-04,1.435169318743599305e-04,1.435169318743599305e-04,1.435169318743599305e-04,1.435169318743599305e-04,1.435169318743599305e-04,1.435169318743599305e-04,1.435169318743599305e-04,1.435169318743599305e-04,1.435169318743599305e-04
6.848501770639441322e-01,2.042806668921703928e-01,2.042806668921703928e-01,2.042806668921703928e-01,2.042806668921703928e-01,2.042806668921703928e-01,1.954211699221824194e-01,1.954211699221824194e-01,1.954211699221824194e-01,1.954211699221824194e-01,1.954211699221824194e-01,1.954211699221824194e-01,1.954211699221824194e-01,1.954211699221824194e-01,3.014671751055961191e-02,3.014671751055961191e-02,3.014671751055961191e-02,3.014671751055961191e-02,3.014671751055961191e-02,3.014671751055961191e-02,3.014671751055961191e-02
1.988956638714424852e+00,1.527445405810221368e+00,4.666036301754901139e-01,1.441014195733796299e-01,1.441014195733796299e-01,1.058438363217206607e-01,7.731745493194407126e-03,7.731745493194407126e-03,7.731745493194407126e-03,5.384064363697406430e-03,5.384064363697406430e-03,5.384064363697406430e-03,5.384064363697406430e-03,5.384064363697406430e-03,5.384064363697406430e-03,5.384064363697406430e-03,5.384064363697406430e-03,5.384064363697406430e-03,5.384064363697406430e-03,5.384064363697406430e-03,5.384064363697406430e-03
7.547893886269124719e-01,2.124011148638465241e-01,2.124011148638465241e-01,2.124011148638465241e-01,2.124011148638465241e-01,2.124011148638465241e-01,2.124011148638465241e-01,2.124011148638465241e-01,1.494245457590096249e-01,1.494245457590096249e-01,1.494245457590096249e-01,1.494245457590096249e-01,5.733170877757062106e-02,5.733170877757062106e-02,5.733170877757062106e-02,5.733170877757062106e-02,5.733170877757062106e-02,5.733170877757062106e-02,5.733170877757062106e-02,5.733170877757062106e-02,5.733170877757062106e-02
2.933664014658089236e+00,2.751917563836798308e+00,1.122177352891280622e+00,1.122177352891280622e+00,9.905905794038232237e-01,9.905905794038232237e-01,9.905905794038232237e-01,6.718290354419783617e-01,2.238381952408804998e-01,2.238381952408804998e-01,2.158915010953268987e-01,2.158915010953268987e-01,2.158915010953268987e-01,1.613138734226978940e-02,1.039391283926751220e-03,1.039391283926751220e-03,1.039391283926751220e-03,1.039391283926751220e-03,1.039391283926751220e-03,1.039391283926751220e-03,1.039391283926751220e-03
4.581211569774430004e+00,4.581211569774430004e+00,2.298184548514004000e+00,1.260869657601886740e+00,5.910636027270075310e-01,2.160002327914360976e-01,2.160002327914360976e-01,2.160002327914360976e-01,2.160002327914360976e-01,2.160002327914360976e-01,2.160002327914360976e-01,2.160002327914360976e-01,2.160002327914360976e-01,2.160002327914360976e-01,2.160002327914360976e-01,2.160002327914360976e-01,1.681111447442034390e-01,1.681111447442034390e-01,5.117933210796647703e-02,5.117933210796647703e-02,1.022548803704687731e-02
3.254693706722271429e-01,3.254693706722271429e-01,1.459878476480919174e-01,1.459878476480919174e-01,1.459878476480919174e-01,1.459878476480919174e-01,3.143666211215432986e-03,5.300099723650336658e-04,1.179522410763018367e-04,1.179522410763018367e-04,1.179522410763018367e-04,1.179522410763018367e-04,1.179522410763018367e-04,1.179522410763018367e-04,1.179522410763018367e-04,1.179522410763018367e-04,1.179522410763018367e-04,1.179522410763018367e-04,1.179522410763018367e-04,1.179522410763018367e-04,1.179522410763018367e-04
1.663240601856732503e+00,2.702625561058097925e-01,2.702625561058097925e-01,2.702625561058097925e-01,2.702625561058097925e-01,2.342562991279406592e-01,3.046929655915790302e-03,3.046929655915790302e-03,3.046929655915790302e-03,3.046929655915790302e-03,3.046929655915790302e-03,3.046929655915790302e-03,3.046929655915790302e-03,3.046929655915790302e-03,3.046929655915790302e-03,3.046929655915790302e-03,3.046929655915790302e-03,3.046929655915790302e-03,3.046929655915790302e-03,3.046929655915790302e-03,3.046929655915790302e-03
1.138655027989607493e+00,6.804884574726912660e-01,5.689437944745369402e-02,5.689437944745369402e-02,3.785878114609587258e-02,3.785878114609587258e-02,3.252008046764922472e-02,3.252008046764922472e-02,3.252008046764922472e-02,3.252008046764922472e-02,3.252008046764922472e-02,3.252008046764922472e-02,3.252008046764922472e-02,2.682441816035691096e-02,2.682441816035691096e-02,2.682441816035691096e-02,1.300082071688531127e-03,1.300082071688531127e-03,1.300082071688531127e-03,1.300082071688531127e-03,1.300082071688531127e-03
4.052952084998064031e+00,4.052952084998064031e+00,4.052952084998064031e+00,4.052952084998064031e+00,3.558794080115450509e+00,3.558794080115450509e+00,3.558794080115450509e+00,3.558794080115450509e+00,3.558794080115450509e+00,3.558794080115450509e+00,3.558794080115450509e+00,2.037274745423866218e+00,1.339866327033341520e+00,1.015391972409250609e+00,6.763981745715502703e-01,4.076496885427464689e-01,1.392296650746112641e-01,1.392296650746112641e-01,1.392296650746112641e-01,1.018540953069494021e-01,5.274923142353040578e-02
4.524335751541498363e-01,4.524335751541498363e-01,2.286604272135162041e-01,2.286604272135162041e-01,1.093303484384842428e-01,1.093303484384842428e-01,1.093303484384842428e-01,1.093303484384842428e-01,1.093303484384842428e-01,1.093303484384842428e-01,1.093303484384842428e-01,1.093303484384842428e-01,1.093303484384842428e-01,1.093303484384842428e-01,1.093303484384842428e-01,1.093303484384842428e-01,1.093303484384842428e-01,1.093303484384842428e-01,1.093303484384842428e-01,1.093303484384842428e-01,1.093303484384842428e-01
3.768497050691910766e-01,3.768497050691910766e-01,3.768497050691910766e-01,3.768497050691910766e-01,4.578402943680495718e-02,4.578402943680495718e-02,1.396119279488513068e-02,1.159213735115327635e-03,1.159213735115327635e-03,1.159213735115327635e-03,1.159213735115327635e-03,1.159213735115327635e-03,1.159213735115327635e-03,1.159213735115327635e-03,1.159213735115327635e-03,1.159213735115327635e-03,1.159213735115327635e-03,1.159213735115327635e-03,1.159213735115327635e-03,1.159213735115327635e-03,1.159213735115327635e-03
4.016495471915926707e+00,4.016495471915926707e+00,3.406896832539038744e+00,3.015970246375899055e+00,3.015970246375899055e+00,2.605297277712013582e+00,2.605297277712013582e+00,2.605297277712013582e+00,1.157202034969597060e+00,1.058140720439509908e+00,1.058140720439509908e+00,1.058140720439509908e+00,1.834073129176622408e-01,5.221070188960132835e-02,5.221070188960132835e-02,5.221070188960132835e-02,1.126611803260676526e-03,3.241303631234561107e-04,3.241303631234561107e-04,3.241303631234561107e-04,3.241303631234561107e-04
