4.154106802307819635e+01,6.649364328533474477e+00,6.649364328533474477e+00,6.649364328533474477e+00,6.649364328533474477e+00,6.649364328533474477e+00,6.649364328533474477e+00,6.649364328533474477e+00,6.649364328533474477e+00,6.649364328533474477e+00,6.649364328533474477e+00,6.649364328533474477e+00,6.649364328533474477e+00,6.649364328533474477e+00,6.649364328533474477e+00,6.649364328533474477e+00,6.649364328533474477e+00,6.649364328533474477e+00,6.649364328533474477e+00,6.649364328533474477e+00,6.649364328533474477e+00
3.333155933014715089e+01,3.333155933014715089e+01,3.333155933014715089e+01,3.333155933014715089e+01,3.333155933014715089e+01,3.333155933014715089e+01,3.333155933014715089e+01,3.333155933014715089e+01,3.333155933014715089e+01,3.333155933014715089e+01,3.333155933014715089e+01,3.333155933014715089e+01,3.333155933014715089e+01,3.333155933014715089e+01,3.333155933014715089e+01,3.333155933014715089e+01,3.402197982732225512e+00,3.402197982732225512e+00,3.402197982732225512e+00,3.266282531864861394e+00,3.266282531864861394e+00
1.371020693686287117e+01,1.371020693686287117e+01,1.371020693686287117e+01,1.371020693686287117e+01,1.371020693686287117e+01,1.371020693686287117e+01,1.371020693686287117e+01,1.371020693686287117e+01,1.371020693686287117e+01,1.371020693686287117e+01,1.371020693686287117e+01,1.371020693686287117e+01,1.371020693686287117e+01,1.371020693686287117e+01,1.371020693686287117e+01,1.371020693686287117e+01,1.371020693686287117e+01,1.252764305240305198e+01,1.252764305240305198e+01,1.252764305240305198e+01,2.202266818300439244e+00
4.872037908536225359e+01,4.872037908536225359e+01,4.872037908536225359e+01,4.872037908536225359e+01,4.872037908536225359e+01,4.872037908536225359e+01,4.872037908536225359e+01,4.872037908536225359e+01,7.152210240747279180e+00,7.152210240747279180e+00,7.152210240747279180e+00,7.152210240747279180e+00,7.152210240747279180e+00,7.152210240747279180e+00,7.152210240747279180e+00,7.152210240747279180e+00,7.152210240747279180e+00,7.152210240747279180e+00,7.152210240747279180e+00,7.152210240747279180e+00,7.152210240747279180e+00
5.802659522631379332e+02,2.719470834608415544e+01,2.719470834608415544e+01,2.719470834608415544e+01,2.719470834608415544e+01,2.719470834608415544e+01,2.719470834608415544e+01,2.719470834608415544e+01,2.719470834608415544e+01,2.719470834608415544e+01,2.719470834608415544e+01,2.719470834608415544e+01,2.719470834608415544e+01,2.719470834608415544e+01,2.719470834608415544e+01,2.719470834608415544e+01,2.719470834608415544e+01,2.719470834608415544e+01,2.719470834608415544e+01,2.719470834608415544e+01,2.719470834608415544e+01
3.619509440071028372e+00,3.619509440071028372e+00,3.619509440071028372e+00,3.619509440071028372e+00,3.619509440071028372e+00,3.619509440071028372e+00,3.619509440071028372e+00,3.619509440071028372e+00,3.619509440071028372e+00,3.619509440071028372e+00,3.619509440071028372e+00,3.619509440071028372e+00,3.619509440071028372e+00,3.619509440071028372e+00,3.619509440071028372e+00,3.619509440071028372e+00,3.619509440071028372e+00,3.619509440071028372e+00,3.619509440071028372e+00,3.619509440071028372e+00,3.619509440071028372e+00
1.291750889247879002e+02,1.291750889247879002e+02,1.291750889247879002e+02,1.291750889247879002e+02,1.291750889247879002e+02,1.291750889247879002e+02,1.291750889247879002e+02,1.291750889247879002e+02,1.291750889247879002e+02,1.962820835295781308e+01,1.962820835295781308e+01,1.962820835295781308e+01,1.962820835295781308e+01,1.962820835295781308e+01,1.962820835295781308e+01,1.962820835295781308e+01,1.962820835295781308e+01,1.962820835295781308e+01,1.962820835295781308e+01,1.962820835295781308e+01,1.280505347216028156e+01
3.409589054901483784e+00,3.409589054901483784e+00,3.409589054901483784e+00,3.409589054901483784e+00,3.409589054901483784e+00,3.409589054901483784e+00,3.409589054901483784e+00,3.409589054901483784e+00,3.409589054901483784e+00,3.409589054901483784e+00,3.409589054901483784e+00,3.409589054901483784e+00,3.409589054901483784e+00,3.409589054901483784e+00,3.409589054901483784e+00,3.409589054901483784e+00,3.409589054901483784e+00,3.409589054901483784e+00,3.409589054901483784e+00,3.409589054901483784e+00,3.409589054901483784e+00
1.565763887301855846e+02,1.565763887301855846e+02,1.565763887301855846e+02,1.565763887301855846e+02,1.565763887301855846e+02,1.565763887301855846e+02,1.565763887301855846e+02,1.565763887301855846e+02,1.565763887301855846e+02,1.565763887301855846e+02,1.565763887301855846e+02,1.565763887301855846e+02,1.565763887301855846e+02,1.565763887301855846e+02,1.565763887301855846e+02,1.565763887301855846e+02,4.941529917073252065e+00,4.941529917073252065e+00,4.941529917073252065e+00,4.941529917073252065e+00,4.941529917073252065e+00
7.814563641281749184e+00,7.814563641281749184e+00,7.814563641281749184e+00,7.814563641281749184e+00,7.814563641281749184e+00,7.814563641281749184e+00,7.814563641281749184e+00,7.814563641281749184e+00,7.814563641281749184e+00,7.814563641281749184e+00,7.814563641281749184e+00,7.814563641281749184e+00,7.814563641281749184e+00,7.814563641281749184e+00,7.814563641281749184e+00,7.814563641281749184e+00,7.814563641281749184e+00,7.814563641281749184e+00,7.814563641281749184e+00,7.814563641281749184e+00,7.814563641281749184e+00
1.102910525904433428e+02,1.102910525904433428e+02,1.102910525904433428e+02,1.102910525904433428e+02,1.102910525904433428e+02,1.102910525904433428e+02,1.102910525904433428e+02,1.102910525904433428e+02,1.102910525904433428e+02,1.102910525904433428e+02,1.102910525904433428e+02,1.102910525904433428e+02,1.102910525904433428e+02,1.102910525904433428e+02,1.102910525904433428e+02,1.102910525904433428e+02,1.102910525904433428e+02,6.758019486873448223e+00,6.758019486873448223e+00,6.758019486873448223e+00,6.758019486873448223e+00
7.247655769522492619e+01,7.247655769522492619e+01,7.247655769522492619e+01,7.247655769522492619e+01,7.247655769522492619e+01,7.247655769522492619e+01,7.247655769522492619e+01,7.247655769522492619e+01,7.247655769522492619e+01,7.247655769522492619e+01,7.247655769522492619e+01,7.247655769522492619e+01,7.247655769522492619e+01,7.247655769522492619e+01,7.247655769522492619e+01,7.247655769522492619e+01,7.247655769522492619e+01,7.247655769522492619e+01,4.439564592301358914e+01,4.439564592301358914e+01,4.439564592301358914e+01
1.106817206673516921e+03,1.106817206673516921e+03,1.106817206673516921e+03,3.608014461952603824e+01,3.608014461952603824e+01,3.608014461952603824e+01,3.608014461952603824e+01,3.608014461952603824e+01,3.608014461952603824e+01,3.608014461952603824e+01,3.608014461952603824e+01,3.608014461952603824e+01,2.373833622306306879e+01,2.373833622306306879e+01,2.373833622306306879e+01,2.373833622306306879e+01,2.373833622306306879e+01,1.460635370268538757e+01,1.460635370268538757e+01,1.460635370268538757e+01,6.997807487418191030e+00
1.338244116138929769e+02,1.338244116138929769e+02,1.338244116138929769e+02,1.338244116138929769e+02,1.338244116138929769e+02,1.338244116138929769e+02,1.338244116138929769e+02,1.338244116138929769e+02,1.338244116138929769e+02,1.338244116138929769e+02,1.338244116138929769e+02,1.310575720742129988e+02,1.310575720742129988e+02,1.310575720742129988e+02,1.310575720742129988e+02,5.124548656655817780e+01,5.124548656655817780e+01,4.706555865969238539e+01,2.225616775595536723e+01,2.225616775595536723e+01,2.225616775595536723e+01
1.457730875711331919e+03,4.149607262658222595e+01,4.149607262658222595e+01,4.149607262658222595e+01,4.149607262658222595e+01,4.149607262658222595e+01,1.188414194232934129e+01,1.188414194232934129e+01,1.188414194232934129e+01,1.188414194232934129e+01,1.188414194232934129e+01,1.188414194232934129e+01,1.188414194232934129e+01,1.003628466542769004e+01,1.003628466542769004e+01,1.003628466542769004e+01,1.003628466542769004e+01,7.870557191514579110e+00,7.870557191514579110e+00,7.870557191514579110e+00,7.870557191514579110e+00
8.983800410020262461e+01,8.983800410020262461e+01,8.983800410020262461e+01,8.983800410020262461e+01,8.983800410020262461e+01,8.983800410020262461e+01,8.983800410020262461e+01,8.983800410020262461e+01,8.983800410020262461e+01,8.983800410020262461e+01,8.983800410020262461e+01,8.983800410020262461e+01,8.983800410020262461e+01,8.983800410020262461e+01,8.983800410020262461e+01,1.952960318075861323e+01,1.952960318075861323e+01,1.952960318075861323e+01,1.952960318075861323e+01,1.952960318075861323e+01,1.136079469701633116e+01
1.059747565601936259e+02,1.059747565601936259e+02,1.059747565601936259e+02,1.059747565601936259e+02,1.059747565601936259e+02,1.059747565601936259e+02,1.059747565601936259e+02,1.059747565601936259e+02,1.059747565601936259e+02,1.059747565601936259e+02,5.362150879154392413e+01,5.362150879154392413e+01,5.362150879154392413e+01,3.898849067413013358e+01,6.163146501643293362e+00,6.163146501643293362e+00,6.163146501643293362e+00,6.163146501643293362e+00,6.163146501643293362e+00,6.163146501643293362e+00,6.163146501643293362e+00
4.682622884014267406e+00,4.682622884014267406e+00,4.682622884014267406e+00,4.682622884014267406e+00,4.682622884014267406e+00,4.682622884014267406e+00,4.682622884014267406e+00,4.682622884014267406e+00,4.682622884014267406e+00,4.682622884014267406e+00,4.682622884014267406e+00,4.682622884014267406e+00,4.682622884014267406e+00,4.682622884014267406e+00,4.682622884014267406e+00,4.682622884014267406e+00,4.682622884014267406e+00,4.682622884014267406e+00,4.682622884014267406e+00,4.682622884014267406e+00,4.682622884014267406e+00
1.263328423552816417e+02,3.667643755398707839e+01,3.667643755398707839e+01,3.667643755398707839e+01,3.667643755398707839e+01,3.667643755398707839e+01,3.667643755398707839e+01,3.667643755398707839e+01,3.667643755398707839e+01,3.667643755398707839e+01,3.667643755398707839e+01,3.667643755398707839e+01,3.667643755398707839e+01,3.667643755398707839e+01,3.667643755398707839e+01,2.322386241550482566e+01,1.421711291591992499e+01,1.421711291591992499e+01,1.421711291591992499e+01,1.421711291591992499e+01,9.032174670752478818e+00
5.214664961759222024e+02,5.214664961759222024e+02,5.214664961759222024e+02,5.214664961759222024e+02,5.214664961759222024e+02,5.214664961759222024e+02,1.910862284890610141e+01,1.910862284890610141e+01,1.910862284890610141e+01,1.910862284890610141e+01,1.910862284890610141e+01,1.910862284890610141e+01,1.910862284890610141e+01,1.910862284890610141e+01,1.910862284890610141e+01,1.910862284890610141e+01,1.910862284890610141e+01,1.910862284890610141e+01,1.910862284890610141e+01,1.910862284890610141e+01,1.910862284890610141e+01
