4.154106802307819635e+01,4.154106802307819635e+01,7.474399593725963520e+00,7.474399593725963520e+00,7.474399593725963520e+00,7.474399593725963520e+00,7.474399593725963520e+00,2.356400045295711010e+00,2.356400045295711010e+00,2.356400045295711010e+00,2.356400045295711010e+00,2.356400045295711010e+00,2.356400045295711010e+00,2.356400045295711010e+00,6.218178068531219349e-01,6.218178068531219349e-01,6.218178068531219349e-01,6.218178068531219349e-01,6.218178068531219349e-01,6.218178068531219349e-01,6.218178068531219349e-01
3.333155933014715089e+01,3.333155933014715089e+01,3.333155933014715089e+01,2.726903604160430650e+00,1.658527694922824480e+00,1.658527694922824480e+00,1.658527694922824480e+00,1.622108168189444033e+00,1.622108168189444033e+00,1.622108168189444033e+00,1.622108168189444033e+00,1.622108168189444033e+00,1.429982911690514946e+00,1.429982911690514946e+00,1.429982911690514946e+00,1.429982911690514946e+00,1.429982911690514946e+00,1.429982911690514946e+00,1.429982911690514946e+00,1.429982911690514946e+00,1.429982911690514946e+00
1.371020693686287117e+01,7.450414630979643960e+00,7.450414630979643960e+00,7.450414630979643960e+00,7.450414630979643960e+00,7.450414630979643960e+00,7.450414630979643960e+00,7.450414630979643960e+00,7.450414630979643960e+00,3.216932984537078877e+00,3.216932984537078877e+00,3.216932984537078877e+00,3.058632997016255128e+00,3.058632997016255128e+00,2.602962691340383827e+00,2.602962691340383827e+00,2.602962691340383827e+00,2.049889084955556218e+00,2.049889084955556218e+00,2.049889084955556218e+00,2.049889084955556218e+00
4.872037908536225359e+01,4.872037908536225359e+01,2.875629647929546895e+00,2.875629647929546895e+00,2.875629647929546895e+00,2.875629647929546895e+00,2.875629647929546895e+00,9.937040599460202905e-01,9.937040599460202905e-01,9.937040599460202905e-01,9.937040599460202905e-01,7.078095227812036816e-01,7.078095227812036816e-01,7.078095227812036816e-01,7.078095227812036816e-01,7.078095227812036816e-01,7.078095227812036816e-01,7.078095227812036816e-01,7.078095227812036816e-01,7.078095227812036816e-01,7.078095227812036816e-01
5.802659522631379332e+02,5.802659522631379332e+02,2.059972867518310977e+02,2.059972867518310977e+02,1.436058814903642542e+02,1.061517113581661533e+02,1.061517113581661533e+02,1.061517113581661533e+02,1.061517113581661533e+02,1.061517113581661533e+02,1.061517113581661533e+02,1.061517113581661533e+02,1.061517113581661533e+02,1.061517113581661533e+02,1.061517113581661533e+02,1.061517113581661533e+02,1.061517113581661533e+02,1.061517113581661533e+02,1.232353460899462849e+00,7.012140187162545502e-01,7.012140187162545502e-01
3.619509440071028372e+00,3.619509440071028372e+00,3.619509440071028372e+00,2.551131728211909255e+00,2.551131728211909255e+00,2.551131728211909255e+00,2.551131728211909255e+00,2.551131728211909255e+00,2.551131728211909255e+00,2.551131728211909255e+00,2.551131728211909255e+00,2.551131728211909255e+00,2.551131728211909255e+00,2.551131728211909255e+00,2.551131728211909255e+00,2.551131728211909255e+00,2.551131728211909255e+00,2.551131728211909255e+00,2.551131728211909255e+00,2.551131728211909255e+00,2.551131728211909255e+00
1.291750889247879002e+02,3.259423765352771341e+01,3.259423765352771341e+01,5.609094641951195559e-01,5.609094641951195559e-01,5.609094641951195559e-01,5.609094641951195559e-01,5.609094641951195559e-01,5.609094641951195559e-01,5.609094641951195559e-01,5.609094641951195559e-01,5.609094641951195559e-01,5.609094641951195559e-01,5.609094641951195559e-01,5.609094641951195559e-01,5.609094641951195559e-01,5.609094641951195559e-01,5.609094641951195559e-01,5.609094641951195559e-01,5.609094641951195559e-01,5.609094641951195559e-01
3.409589054901483784e+00,3.409589054901483784e+00,3.409589054901483784e+00,3.409589054901483784e+00,3.409589054901483784e+00,2.571505264222271325e+00,2.571505264222271325e+00,2.571505264222271325e+00,2.571505264222271325e+00,2.571505264222271325e+00,2.571505264222271325e+00,2.571505264222271325e+00,2.571505264222271325e+00,2.571505264222271325e+00,2.571505264222271325e+00,2.571505264222271325e+00,2.571505264222271325e+00,2.571505264222271325e+00,2.571505264222271325e+00,2.571505264222271325e+00,2.571505264222271325e+00
1.565763887301855846e+02,1.565763887301855846e+02,8.687964930916368189e+01,8.687964930916368189e+01,5.966883194237543364e+01,5.966883194237543364e+01,1.438562146896556548e+01,1.438562146896556548e+01,1.436600180423424078e+01,1.383947976065039320e+01,1.383947976065039320e+01,1.383947976065039320e+01,1.343547500759107827e+01,1.343547500759107827e+01,1.343547500759107827e+01,1.288680851900031321e+01,1.288680851900031321e+01,1.288680851900031321e+01,1.288680851900031321e+01,1.288680851900031321e+01,1.288680851900031321e+01
7.814563641281749184e+00,7.814563641281749184e+00,4.048170013274891232e+00,4.048170013274891232e+00,4.048170013274891232e+00,4.048170013274891232e+00,4.048170013274891232e+00,4.030465111795671795e+00,4.030465111795671795e+00,4.030465111795671795e+00,4.030465111795671795e+00,3.721307441934692761e+00,1.499906727424397568e+00,1.499906727424397568e+00,1.499906727424397568e+00,1.499906727424397568e+00,1.499906727424397568e+00,1.499906727424397568e+00,1.499906727424397568e+00,1.499906727424397568e+00,1.499906727424397568e+00
1.102910525904433428e+02,8.915498119313214431e+01,8.915498119313214431e+01,8.915498119313214431e+01,1.427813699136559933e+01,1.427813699136559933e+01,1.427813699136559933e+01,1.427813699136559933e+01,1.427813699136559933e+01,8.278620856425604302e+00,8.278620856425604302e+00,4.512212100058782482e+00,4.512212100058782482e+00,4.512212100058782482e+00,4.512212100058782482e+00,4.512212100058782482e+00,4.512212100058782482e+00,4.512212100058782482e+00,4.512212100058782482e+00,4.512212100058782482e+00,4.512212100058782482e+00
7.247655769522492619e+01,1.417891110135889576e+01,1.417891110135889576e+01,1.417891110135889576e+01,1.417891110135889576e+01,1.417891110135889576e+01,1.417891110135889576e+01,1.262919778224054035e+01,1.262919778224054035e+01,1.262919778224054035e+01,1.262919778224054035e+01,1.262919778224054035e+01,1.262919778224054035e+01,4.593555704651465232e-01,4.593555704651465232e-01,4.593555704651465232e-01,4.593555704651465232e-01,2.704874602306260312e-01,2.704874602306260312e-01,2.704874602306260312e-01,2.704874602306260312e-01
1.106817206673516921e+03,1.106817206673516921e+03,1.473731286337477187e+00,1.473731286337477187e+00,1.473731286337477187e+00,1.473731286337477187e+00,1.473731286337477187e+00,1.473731286337477187e+00,1.473731286337477187e+00,1.473731286337477187e+00,1.473731286337477187e+00,1.473731286337477187e+00,1.473731286337477187e+00,1.473731286337477187e+00,1.473731286337477187e+00,1.473731286337477187e+00,1.473731286337477187e+00,1.473731286337477187e+00,1.473731286337477187e+00,1.473731286337477187e+00,1.473731286337477187e+00
1.338244116138929769e+02,1.338244116138929769e+02,7.814786691649770134e+00,7.814786691649770134e+00,4.232243004554428367e+00,4.232243004554428367e+00,3.364639591694603915e+00,3.364639591694603915e+00,3.364639591694603915e+00,1.401407348178073775e+00,1.401407348178073775e+00,1.401407348178073775e+00,1.401407348178073775e+00,6.496372534354245554e-01,6.496372534354245554e-01,6.496372534354245554e-01,6.496372534354245554e-01,6.496372534354245554e-01,6.496372534354245554e-01,6.496372534354245554e-01,6.496372534354245554e-01
1.457730875711331919e+03,1.457730875711331919e+03,5.118276242537905318e+02,9.126067896613314190e+01,1.020034520529221833e+00,1.020034520529221833e+00,1.020034520529221833e+00,1.020034520529221833e+00,1.020034520529221833e+00,1.020034520529221833e+00,1.020034520529221833e+00,1.020034520529221833e+00,1.020034520529221833e+00,1.020034520529221833e+00,1.020034520529221833e+00,1.020034520529221833e+00,1.020034520529221833e+00,1.020034520529221833e+00,1.020034520529221833e+00,1.020034520529221833e+00,1.020034520529221833e+00
8.983800410020262461e+01,8.983800410020262461e+01,2.187570761257052965e+00,2.187570761257052965e+00,2.187570761257052965e+00,2.187570761257052965e+00,2.187570761257052965e+00,2.187570761257052965e+00,2.187570761257052965e+00,2.187570761257052965e+00,3.458499355459796476e-01,3.458499355459796476e-01,3.458499355459796476e-01,3.458499355459796476e-01,3.458499355459796476e-01,3.458499355459796476e-01,3.458499355459796476e-01,3.458499355459796476e-01,3.458499355459796476e-01,3.458499355459796476e-01,3.458499355459796476e-01
1.059747565601936259e+02,3.482164827506699112e+01,1.514988869407022776e+01,1.514988869407022776e+01,1.514988869407022776e+01,1.514988869407022776e+01,7.538563314944600968e+00,1.842315583864668538e+00,1.842315583864668538e+00,1.842315583864668538e+00,1.842315583864668538e+00,1.842315583864668538e+00,1.842315583864668538e+00,1.842315583864668538e+00,1.842315583864668538e+00,1.842315583864668538e+00,1.842315583864668538e+00,1.842315583864668538e+00,1.842315583864668538e+00,1.842315583864668538e+00,1.842315583864668538e+00
4.682622884014267406e+00,4.682622884014267406e+00,4.682622884014267406e+00,4.682622884014267406e+00,4.682622884014267406e+00,4.682622884014267406e+00,4.682622884014267406e+00,4.682622884014267406e+00,4.682622884014267406e+00,4.682622884014267406e+00,4.682622884014267406e+00,3.078410568903830580e+00,3.078410568903830580e+00,3.078410568903830580e+00,3.078410568903830580e+00,3.078410568903830580e+00,3.078410568903830580e+00,3.078410568903830580e+00,3.078410568903830580e+00,3.078410568903830580e+00,2.706666722864402796e+00
1.263328423552816417e+02,1.263328423552816417e+02,1.263328423552816417e+02,1.263328423552816417e+02,1.263328423552816417e+02,1.776312729211802122e+01,1.776312729211802122e+01,1.776312729211802122e+01,1.205079810757872671e+01,1.205079810757872671e+01,1.205079810757872671e+01,1.205079810757872671e+01,1.205079810757872671e+01,1.205079810757872671e+01,1.205079810757872671e+01,1.205079810757872671e+01,1.205079810757872671e+01,1.205079810757872671e+01,1.205079810757872671e+01,1.205079810757872671e+01,1.205079810757872671e+01
5.214664961759222024e+02,1.586706539985502218e+01,1.563520380642150265e+00,8.400424449535457416e-01,8.400424449535457416e-01,8.400424449535457416e-01,8.400424449535457416e-01,8.400424449535457416e-01,8.400424449535457416e-01,7.560655014829776865e-01,5.677158012676519760e-01,5.677158012676519760e-01,5.677158012676519760e-01,5.677158012676519760e-01,5.677158012676519760e-01,5.677158012676519760e-01,5.677158012676519760e-01,5.677158012676519760e-01,5.677158012676519760e-01,5.677158012676519760e-01,5.677158012676519760e-01
