1.513676229946356067e+01,2.653751850128173828e+00,5.771443247795104980e-01,5.771443247795104980e-01,5.771443247795104980e-01,5.771443247795104980e-01,5.771443247795104980e-01,5.771443247795104980e-01,5.771443247795104980e-01,4.354883432388305664e-01,2.160910516977310181e-01,2.105749845504760742e-01,2.070702612400054932e-01,2.050978541374206543e-01,2.037634849548339844e-01,2.024602741003036499e-01,2.014876902103424072e-01,2.007641494274139404e-01,1.998258829116821289e-01,1.990613341331481934e-01,1.983478665351867676e-01
1.948512006289873000e+01,6.906925678253173828e+00,6.906925678253173828e+00,6.906925678253173828e+00,6.906925678253173828e+00,6.906925678253173828e+00,4.689632892608642578e+00,4.689632892608642578e+00,2.966325759887695312e+00,2.966325759887695312e+00,2.966325759887695312e+00,2.966325759887695312e+00,2.966325759887695312e+00,2.966325759887695312e+00,2.966325759887695312e+00,2.966325759887695312e+00,2.966325759887695312e+00,2.966325759887695312e+00,2.966325759887695312e+00,2.966325759887695312e+00,2.966325759887695312e+00
6.802468539619835219e+00,6.802468539619835219e+00,1.441631197929382324e+00,1.441631197929382324e+00,1.441631197929382324e+00,1.441631197929382324e+00,1.441631197929382324e+00,1.441631197929382324e+00,1.200797915458679199e+00,1.027722954750061035e+00,8.411672711372375488e-01,6.309955120086669922e-01,4.827633798122406006e-01,4.654766321182250977e-01,4.654766321182250977e-01,4.654766321182250977e-01,4.654766321182250977e-01,2.655251622200012207e-01,9.043958783149719238e-02,9.043958783149719238e-02,9.043958783149719238e-02
1.434859887684804924e+01,1.434859887684804924e+01,1.434859887684804924e+01,1.434859887684804924e+01,1.434859887684804924e+01,1.434859887684804924e+01,1.772956728935241699e+00,1.772956728935241699e+00,1.772956728935241699e+00,1.772956728935241699e+00,1.772956728935241699e+00,1.772956728935241699e+00,1.772956728935241699e+00,1.772956728935241699e+00,1.772956728935241699e+00,1.772956728935241699e+00,7.657553553581237793e-01,7.657553553581237793e-01,7.657553553581237793e-01,7.657553553581237793e-01,7.657553553581237793e-01
3.067613505143035102e+00,3.067613505143035102e+00,3.067613505143035102e+00,3.067613505143035102e+00,3.067613505143035102e+00,3.067613505143035102e+00,3.067613505143035102e+00,2.615349769592285156e+00,2.615349769592285156e+00,2.615349769592285156e+00,2.615349769592285156e+00,2.615349769592285156e+00,2.615349769592285156e+00,2.615349769592285156e+00,2.615349769592285156e+00,1.163685083389282227e+00,1.163685083389282227e+00,1.163685083389282227e+00,1.163685083389282227e+00,1.163685083389282227e+00,1.163685083389282227e+00
1.551413049639426944e+01,1.551413049639426944e+01,6.895816326141357422e+00,6.353031158447265625e+00,6.353031158447265625e+00,4.386393070220947266e+00,4.386393070220947266e+00,4.386393070220947266e+00,2.020879507064819336e+00,2.020879507064819336e+00,2.020879507064819336e+00,2.020879507064819336e+00,2.020879507064819336e+00,2.020879507064819336e+00,2.020879507064819336e+00,2.020879507064819336e+00,2.020879507064819336e+00,2.020879507064819336e+00,2.020879507064819336e+00,2.020879507064819336e+00,2.020879507064819336e+00
2.532226537349921536e+00,2.532226537349921536e+00,2.532226537349921536e+00,2.532226537349921536e+00,2.532226537349921536e+00,2.532226537349921536e+00,2.532226537349921536e+00,2.532226537349921536e+00,2.532226537349921536e+00,1.975879192352294922e+00,1.975879192352294922e+00,1.975879192352294922e+00,1.975879192352294922e+00,1.975879192352294922e+00,1.975879192352294922e+00,1.975879192352294922e+00,1.975879192352294922e+00,1.549563169479370117e+00,1.535111665725708008e+00,1.532775640487670898e+00,1.531572937965393066e+00
2.499512007542088909e+00,2.499512007542088909e+00,2.499512007542088909e+00,2.499512007542088909e+00,2.499512007542088909e+00,2.499512007542088909e+00,1.324906945228576660e+00,1.324906945228576660e+00,1.324906945228576660e+00,1.324906945228576660e+00,1.324906945228576660e+00,1.324906945228576660e+00,1.324906945228576660e+00,1.324906945228576660e+00,1.324906945228576660e+00,1.324906945228576660e+00,1.324906945228576660e+00,1.324906945228576660e+00,1.324906945228576660e+00,1.324906945228576660e+00,1.324906945228576660e+00
5.865096455221217031e-01,5.865096455221217031e-01,5.865096455221217031e-01,5.865096455221217031e-01,5.865096455221217031e-01,5.865096455221217031e-01,5.865096455221217031e-01,5.865096455221217031e-01,5.865096455221217031e-01,5.865096455221217031e-01,2.702752687036991119e-02,2.702752687036991119e-02,2.702752687036991119e-02,2.702752687036991119e-02,2.702752687036991119e-02,2.702752687036991119e-02,2.702752687036991119e-02,2.702752687036991119e-02,2.702752687036991119e-02,2.702752687036991119e-02,2.702752687036991119e-02
1.028825199428522907e+01,1.028825199428522907e+01,7.332970619201660156e+00,5.634980201721191406e+00,5.634980201721191406e+00,5.634980201721191406e+00,5.634980201721191406e+00,5.634980201721191406e+00,1.537434577941894531e+00,4.678179323673248291e-01,4.678179323673248291e-01,4.678179323673248291e-01,2.905181646347045898e-01,2.905181646347045898e-01,5.885251611471176147e-02,5.885251611471176147e-02,1.583413779735565186e-02,1.583413779735565186e-02,1.583413779735565186e-02,1.583413779735565186e-02,1.583413779735565186e-02
1.511124584903027213e+01,1.511124584903027213e+01,1.511124584903027213e+01,1.511124584903027213e+01,1.511124584903027213e+01,1.511124584903027213e+01,1.511124584903027213e+01,8.276403427124023438e+00,8.276403427124023438e+00,2.651925325393676758e+00,2.651925325393676758e+00,1.250511169433593750e+00,1.250511169433593750e+00,1.250511169433593750e+00,1.250511169433593750e+00,1.250511169433593750e+00,5.451478362083435059e-01,5.451478362083435059e-01,5.451478362083435059e-01,5.451478362083435059e-01,5.451478362083435059e-01
2.380412606450262647e+00,2.380412606450262647e+00,2.380412606450262647e+00,2.380412606450262647e+00,2.380412606450262647e+00,2.380412606450262647e+00,2.380412606450262647e+00,8.126884102821350098e-01,8.126884102821350098e-01,3.744750916957855225e-01,3.629590570926666260e-01,3.616263270378112793e-01,3.578976988792419434e-01,3.578976988792419434e-01,3.574449121952056885e-01,3.568654656410217285e-01,3.544491827487945557e-01,3.544491827487945557e-01,3.544491827487945557e-01,3.544491827487945557e-01,3.544491827487945557e-01
2.708285230052538495e+01,2.708285230052538495e+01,1.953857779502868652e+00,1.953857779502868652e+00,1.953857779502868652e+00,1.953857779502868652e+00,1.953857779502868652e+00,1.953857779502868652e+00,1.080988407135009766e+00,4.248901605606079102e-01,4.248901605606079102e-01,4.248901605606079102e-01,4.248901605606079102e-01,4.248901605606079102e-01,4.248901605606079102e-01,4.248901605606079102e-01,4.248901605606079102e-01,4.201833009719848633e-01,4.098759293556213379e-01,3.856120705604553223e-01,3.491131961345672607e-01
1.251566680872103809e+01,1.251566680872103809e+01,1.251566680872103809e+01,9.590276718139648438e+00,9.590276718139648438e+00,4.683433532714843750e+00,3.978986740112304688e+00,2.922568798065185547e+00,2.922568798065185547e+00,2.764555931091308594e+00,2.391269683837890625e+00,1.929051518440246582e+00,1.736736178398132324e+00,1.635782718658447266e+00,1.558730363845825195e+00,1.493436455726623535e+00,1.439169764518737793e+00,1.397682547569274902e+00,1.369716405868530273e+00,1.353445291519165039e+00,1.344374656677246094e+00
6.561466345229590047e+00,6.561466345229590047e+00,6.561466345229590047e+00,6.561466345229590047e+00,6.561466345229590047e+00,6.561466345229590047e+00,4.629454612731933594e+00,4.629454612731933594e+00,2.056263208389282227e+00,1.875499725341796875e+00,1.803723335266113281e+00,1.770567893981933594e+00,1.750004649162292480e+00,1.737241029739379883e+00,1.728219747543334961e+00,1.721378922462463379e+00,1.714923381805419922e+00,1.710312128067016602e+00,1.706308126449584961e+00,1.702485203742980957e+00,1.699215888977050781e+00
6.877875001534549781e+00,6.317101955413818359e+00,6.317101955413818359e+00,6.317101955413818359e+00,6.317101955413818359e+00,1.933433771133422852e+00,1.933433771133422852e+00,1.933433771133422852e+00,1.933433771133422852e+00,1.933433771133422852e+00,1.933433771133422852e+00,1.933433771133422852e+00,1.933433771133422852e+00,1.933433771133422852e+00,1.933433771133422852e+00,1.933433771133422852e+00,1.933433771133422852e+00,1.933433771133422852e+00,1.933433771133422852e+00,1.933433771133422852e+00,1.933433771133422852e+00
5.986996864018441222e-01,5.986996864018441222e-01,5.986996864018441222e-01,5.986996864018441222e-01,5.986996864018441222e-01,8.738315850496292114e-02,8.738315850496292114e-02,8.738315850496292114e-02,8.738315850496292114e-02,8.738315850496292114e-02,8.738315850496292114e-02,8.738315850496292114e-02,8.738315850496292114e-02,8.738315850496292114e-02,8.738315850496292114e-02,8.738315850496292114e-02,8.738315850496292114e-02,8.738315850496292114e-02,8.738315850496292114e-02,8.738315850496292114e-02,8.738315850496292114e-02
1.709089993163834009e+01,1.213332891464233398e+00,1.213332891464233398e+00,1.213332891464233398e+00,1.213332891464233398e+00,1.213332891464233398e+00,1.213332891464233398e+00,1.092648267745971680e+00,1.057306051254272461e+00,1.032311916351318359e+00,1.013099193572998047e+00,9.979717731475830078e-01,9.849912524223327637e-01,9.724676609039306641e-01,9.622688293457031250e-01,9.513750076293945312e-01,9.426835179328918457e-01,9.324357509613037109e-01,9.217219948768615723e-01,9.135328531265258789e-01,9.042272567749023438e-01
1.270306684876325498e+01,1.050962448120117188e+01,3.658230304718017578e+00,3.658230304718017578e+00,1.692946851253509521e-01,1.692946851253509521e-01,1.692946851253509521e-01,1.692946851253509521e-01,1.692946851253509521e-01,1.692946851253509521e-01,1.692946851253509521e-01,1.692946851253509521e-01,1.692946851253509521e-01,1.692946851253509521e-01,1.692946851253509521e-01,1.692946851253509521e-01,1.692946851253509521e-01,1.692946851253509521e-01,1.692946851253509521e-01,1.692946851253509521e-01,1.692946851253509521e-01
1.344761826701116325e+00,1.344761826701116325e+00,1.344761826701116325e+00,1.344761826701116325e+00,1.344761826701116325e+00,1.344720959663391113e+00,1.344720959663391113e+00,1.344244718551635742e+00,1.323570251464843750e+00,1.299392700195312500e+00,1.299392700195312500e+00,1.299392700195312500e+00,1.299392700195312500e+00,5.959621667861938477e-01,4.417382478713989258e-01,4.417382478713989258e-01,4.064330756664276123e-01,3.688729405403137207e-01,3.356520533561706543e-01,3.157424330711364746e-01,3.076171875000000000e-01
