1.513676229946356067e+01,2.653747320175170898e+00,2.653747320175170898e+00,8.878460526466369629e-01,8.878460526466369629e-01,8.878460526466369629e-01,8.878460526466369629e-01,8.878460526466369629e-01,8.878460526466369629e-01,8.878460526466369629e-01,8.878460526466369629e-01,8.878460526466369629e-01,8.878460526466369629e-01,8.878460526466369629e-01,8.878460526466369629e-01,8.878460526466369629e-01,8.878460526466369629e-01,8.878460526466369629e-01,8.878460526466369629e-01,8.878460526466369629e-01,8.878460526466369629e-01
1.948512006289873000e+01,6.906931400299072266e+00,6.906931400299072266e+00,5.032283306121826172e+00,5.032283306121826172e+00,5.032283306121826172e+00,5.032283306121826172e+00,5.032283306121826172e+00,5.032283306121826172e+00,5.032283306121826172e+00,5.032283306121826172e+00,5.032283306121826172e+00,5.032283306121826172e+00,5.032283306121826172e+00,5.032283306121826172e+00,5.032283306121826172e+00,5.032283306121826172e+00,5.032283306121826172e+00,5.032283306121826172e+00,2.769371509552001953e+00,2.769371509552001953e+00
6.802468539619835219e+00,6.802468539619835219e+00,4.438696861267089844e+00,4.438696861267089844e+00,4.438696861267089844e+00,4.438696861267089844e+00,4.438696861267089844e+00,4.438696861267089844e+00,4.438696861267089844e+00,4.438696861267089844e+00,1.238719820976257324e+00,1.238719820976257324e+00,1.238719820976257324e+00,1.238719820976257324e+00,1.238719820976257324e+00,1.238719820976257324e+00,1.238719820976257324e+00,1.238719820976257324e+00,1.238719820976257324e+00,1.238719820976257324e+00,1.238719820976257324e+00
1.434859887684804924e+01,1.434859887684804924e+01,1.434859887684804924e+01,1.434859887684804924e+01,9.667732238769531250e+00,9.667732238769531250e+00,9.667732238769531250e+00,9.667732238769531250e+00,9.667732238769531250e+00,9.667732238769531250e+00,9.667732238769531250e+00,9.667732238769531250e+00,9.667732238769531250e+00,9.667732238769531250e+00,9.667732238769531250e+00,9.667732238769531250e+00,9.667732238769531250e+00,9.667732238769531250e+00,9.667732238769531250e+00,9.667732238769531250e+00,9.667732238769531250e+00
3.067613505143035102e+00,3.067613505143035102e+00,3.067613505143035102e+00,3.067613505143035102e+00,3.067613505143035102e+00,3.067613505143035102e+00,3.067613505143035102e+00,3.067613505143035102e+00,3.067613505143035102e+00,3.067613505143035102e+00,3.067613505143035102e+00,3.067613505143035102e+00,3.001426458358764648e+00,3.001426458358764648e+00,3.001426458358764648e+00,3.001426458358764648e+00,3.001426458358764648e+00,3.001426458358764648e+00,3.001426458358764648e+00,3.001426458358764648e+00,3.001426458358764648e+00
1.551413049639426944e+01,1.551413049639426944e+01,1.551413049639426944e+01,1.396788597106933594e+01,1.396788597106933594e+01,2.781633377075195312e+00,2.781633377075195312e+00,2.781633377075195312e+00,2.781633377075195312e+00,2.781633377075195312e+00,2.781633377075195312e+00,2.781633377075195312e+00,2.781633377075195312e+00,2.781633377075195312e+00,2.781633377075195312e+00,2.781633377075195312e+00,2.781633377075195312e+00,2.781633377075195312e+00,2.781633377075195312e+00,2.781633377075195312e+00,2.781633377075195312e+00
2.532226537349921536e+00,2.532226537349921536e+00,2.532226537349921536e+00,2.532226537349921536e+00,2.532226537349921536e+00,2.532226537349921536e+00,2.532226537349921536e+00,2.532226537349921536e+00,2.532226537349921536e+00,2.532226537349921536e+00,2.532226537349921536e+00,2.532226537349921536e+00,2.532226537349921536e+00,2.532226537349921536e+00,2.532226537349921536e+00,2.532226537349921536e+00,2.532226537349921536e+00,2.532226537349921536e+00,2.532226537349921536e+00,1.405722200870513916e-01,1.405722200870513916e-01
2.499512007542088909e+00,2.499512007542088909e+00,2.499512007542088909e+00,2.499512007542088909e+00,2.499512007542088909e+00,2.499512007542088909e+00,2.499512007542088909e+00,6.877201795578002930e-01,6.877201795578002930e-01,6.877201795578002930e-01,6.877201795578002930e-01,6.877201795578002930e-01,6.877201795578002930e-01,6.877201795578002930e-01,6.877201795578002930e-01,6.877201795578002930e-01,6.877201795578002930e-01,6.877201795578002930e-01,6.877201795578002930e-01,6.877201795578002930e-01,6.877201795578002930e-01
5.865096455221217031e-01,5.865096455221217031e-01,5.865096455221217031e-01,5.865096455221217031e-01,5.865096455221217031e-01,5.865096455221217031e-01,5.865096455221217031e-01,5.865096455221217031e-01,5.865096455221217031e-01,5.865096455221217031e-01,5.865096455221217031e-01,5.865096455221217031e-01,5.865096455221217031e-01,5.865096455221217031e-01,5.865096455221217031e-01,5.865096455221217031e-01,5.865096455221217031e-01,5.865096455221217031e-01,5.865096455221217031e-01,5.865096455221217031e-01,5.865096455221217031e-01
1.028825199428522907e+01,1.028825199428522907e+01,7.600880622863769531e+00,7.600880622863769531e+00,7.600880622863769531e+00,7.600880622863769531e+00,7.600880622863769531e+00,7.600880622863769531e+00,2.380238056182861328e+00,2.380238056182861328e+00,2.380238056182861328e+00,2.380238056182861328e+00,6.901182532310485840e-01,6.901182532310485840e-01,6.901182532310485840e-01,6.901182532310485840e-01,6.901182532310485840e-01,6.901182532310485840e-01,6.901182532310485840e-01,6.901182532310485840e-01,6.901182532310485840e-01
1.511124584903027213e+01,1.511124584903027213e+01,2.579381942749023438e+00,2.579381942749023438e+00,2.579381942749023438e+00,2.579381942749023438e+00,2.579381942749023438e+00,1.269412994384765625e+00,1.269412994384765625e+00,1.269412994384765625e+00,1.269412994384765625e+00,1.269412994384765625e+00,1.269412994384765625e+00,1.269412994384765625e+00,1.269412994384765625e+00,1.269412994384765625e+00,1.269412994384765625e+00,1.269412994384765625e+00,1.269412994384765625e+00,1.269412994384765625e+00,1.269412994384765625e+00
2.380412606450262647e+00,2.380412606450262647e+00,2.380412606450262647e+00,2.380412606450262647e+00,2.380412606450262647e+00,2.380412606450262647e+00,2.380412606450262647e+00,2.380412606450262647e+00,2.380412606450262647e+00,2.380412606450262647e+00,2.380412606450262647e+00,2.380412606450262647e+00,2.380412606450262647e+00,2.380412606450262647e+00,2.380412606450262647e+00,2.380412606450262647e+00,2.380412606450262647e+00,2.380412606450262647e+00,2.380412606450262647e+00,6.043280959129333496e-01,6.043280959129333496e-01
2.708285230052538495e+01,2.708285230052538495e+01,2.149587869644165039e+00,2.149587869644165039e+00,1.287725687026977539e+00,1.287725687026977539e+00,1.287725687026977539e+00,1.287725687026977539e+00,1.287725687026977539e+00,1.287725687026977539e+00,1.287725687026977539e+00,1.287725687026977539e+00,1.287725687026977539e+00,1.287725687026977539e+00,1.287725687026977539e+00,1.287725687026977539e+00,1.287725687026977539e+00,1.287725687026977539e+00,1.287725687026977539e+00,1.287725687026977539e+00,1.287725687026977539e+00
1.251566680872103809e+01,1.251566680872103809e+01,1.251566680872103809e+01,5.406282424926757812e+00,5.406282424926757812e+00,5.406282424926757812e+00,5.406282424926757812e+00,5.406282424926757812e+00,5.406282424926757812e+00,1.151479125022888184e+00,1.151479125022888184e+00,1.151479125022888184e+00,1.151479125022888184e+00,1.151479125022888184e+00,1.151479125022888184e+00,1.151479125022888184e+00,1.151479125022888184e+00,1.151479125022888184e+00,1.151479125022888184e+00,1.151479125022888184e+00,1.151479125022888184e+00
6.561466345229590047e+00,6.561466345229590047e+00,6.561466345229590047e+00,6.561466345229590047e+00,6.561466345229590047e+00,6.561466345229590047e+00,6.561466345229590047e+00,6.561466345229590047e+00,6.561466345229590047e+00,6.561466345229590047e+00,6.561466345229590047e+00,6.561466345229590047e+00,6.561466345229590047e+00,6.561466345229590047e+00,2.359795570373535156e+00,2.359795570373535156e+00,2.359795570373535156e+00,2.359795570373535156e+00,2.359795570373535156e+00,2.359795570373535156e+00,2.359795570373535156e+00
6.877875001534549781e+00,6.317078113555908203e+00,6.317078113555908203e+00,6.317078113555908203e+00,6.317078113555908203e+00,6.317078113555908203e+00,2.872168779373168945e+00,2.872168779373168945e+00,2.872168779373168945e+00,2.872168779373168945e+00,2.872168779373168945e+00,2.872168779373168945e+00,2.872168779373168945e+00,2.872168779373168945e+00,2.872168779373168945e+00,2.872168779373168945e+00,2.872168779373168945e+00,2.872168779373168945e+00,8.292115926742553711e-01,8.292115926742553711e-01,8.292115926742553711e-01
5.986996864018441222e-01,5.986996864018441222e-01,5.986996864018441222e-01,5.986996864018441222e-01,5.986996864018441222e-01,5.986996864018441222e-01,5.986996864018441222e-01,5.986996864018441222e-01,5.986996864018441222e-01,5.986996864018441222e-01,5.986996864018441222e-01,5.986996864018441222e-01,5.986996864018441222e-01,5.986996864018441222e-01,5.986996864018441222e-01,5.986996864018441222e-01,5.986996864018441222e-01,5.986996864018441222e-01,5.986996864018441222e-01,5.986996864018441222e-01,5.986996864018441222e-01
1.709089993163834009e+01,1.213313698768615723e+00,1.213313698768615723e+00,1.213313698768615723e+00,1.213313698768615723e+00,1.213313698768615723e+00,1.213313698768615723e+00,1.213313698768615723e+00,1.213313698768615723e+00,1.213313698768615723e+00,1.213313698768615723e+00,1.213313698768615723e+00,1.213313698768615723e+00,1.213313698768615723e+00,1.213313698768615723e+00,1.213313698768615723e+00,1.213313698768615723e+00,1.213313698768615723e+00,1.213313698768615723e+00,1.213313698768615723e+00,1.213313698768615723e+00
1.270306684876325498e+01,1.050949096679687500e+01,4.546291828155517578e-01,4.546291828155517578e-01,4.546291828155517578e-01,4.546291828155517578e-01,4.546291828155517578e-01,4.546291828155517578e-01,4.546291828155517578e-01,4.546291828155517578e-01,4.546291828155517578e-01,4.546291828155517578e-01,4.546291828155517578e-01,4.546291828155517578e-01,4.546291828155517578e-01,4.546291828155517578e-01,4.546291828155517578e-01,4.546291828155517578e-01,4.546291828155517578e-01,4.546291828155517578e-01,4.546291828155517578e-01
1.344761826701116325e+00,1.344761826701116325e+00,1.344761826701116325e+00,1.344761826701116325e+00,1.344761826701116325e+00,1.344761826701116325e+00,1.344761826701116325e+00,1.344761826701116325e+00,1.344761826701116325e+00,1.344761826701116325e+00,1.344761826701116325e+00,1.344761826701116325e+00,1.344761826701116325e+00,1.344761826701116325e+00,1.344761826701116325e+00,1.344761826701116325e+00,1.344761826701116325e+00,1.344761826701116325e+00,1.344761826701116325e+00,1.344761826701116325e+00,1.344761826701116325e+00
