1.513676229946356067e+01,1.513676229946356067e+01,1.513676229946356067e+01,1.513676229946356067e+01,1.513676229946356067e+01,4.154205799102783203e+00,4.154205799102783203e+00,4.154205799102783203e+00,4.154205799102783203e+00,4.154205799102783203e+00,4.154205799102783203e+00,4.154205799102783203e+00,4.154205799102783203e+00,3.993371725082397461e+00,3.993371725082397461e+00,3.993371725082397461e+00,3.993371725082397461e+00,3.993371725082397461e+00,3.993371725082397461e+00,3.993371725082397461e+00,3.993371725082397461e+00
1.948512006289873000e+01,1.948512006289873000e+01,1.948512006289873000e+01,1.948512006289873000e+01,1.948512006289873000e+01,1.948512006289873000e+01,1.948512006289873000e+01,1.948512006289873000e+01,1.303008460998535156e+01,1.303008460998535156e+01,4.270138263702392578e+00,4.270138263702392578e+00,4.270138263702392578e+00,4.270138263702392578e+00,4.270138263702392578e+00,4.270138263702392578e+00,4.838097095489501953e-02,4.838097095489501953e-02,4.838097095489501953e-02,4.838097095489501953e-02,4.838097095489501953e-02
6.802468539619835219e+00,6.802468539619835219e+00,5.731805801391601562e+00,5.731805801391601562e+00,5.731805801391601562e+00,5.731805801391601562e+00,5.731805801391601562e+00,3.054334163665771484e+00,3.054334163665771484e+00,3.054334163665771484e+00,3.054334163665771484e+00,3.048376142978668213e-01,3.048376142978668213e-01,3.048376142978668213e-01,3.048376142978668213e-01,3.048376142978668213e-01,3.048376142978668213e-01,3.048376142978668213e-01,3.048376142978668213e-01,3.048376142978668213e-01,3.048376142978668213e-01
1.434859887684804924e+01,1.434859887684804924e+01,1.434859887684804924e+01,1.434859887684804924e+01,1.434859887684804924e+01,1.434859887684804924e+01,1.434859887684804924e+01,1.269245529174804688e+01,1.269245529174804688e+01,1.269245529174804688e+01,4.820372581481933594e+00,4.820372581481933594e+00,4.820372581481933594e+00,9.331299066543579102e-01,9.331299066543579102e-01,8.771337866783142090e-01,8.771337866783142090e-01,8.771337866783142090e-01,8.771337866783142090e-01,8.771337866783142090e-01,8.771337866783142090e-01
3.067613505143035102e+00,2.553820848464965820e+00,1.096150398254394531e+00,1.096150398254394531e+00,1.096150398254394531e+00,1.096150398254394531e+00,1.096150398254394531e+00,1.096150398254394531e+00,1.096150398254394531e+00,1.096150398254394531e+00,1.096150398254394531e+00,1.096150398254394531e+00,1.096150398254394531e+00,1.096150398254394531e+00,1.096150398254394531e+00,1.096150398254394531e+00,1.096150398254394531e+00,1.096150398254394531e+00,1.096150398254394531e+00,1.096150398254394531e+00,1.096150398254394531e+00
1.551413049639426944e+01,1.551413049639426944e+01,9.577945709228515625e+00,9.577945709228515625e+00,9.577945709228515625e+00,9.577945709228515625e+00,9.577945709228515625e+00,9.577945709228515625e+00,9.577945709228515625e+00,9.577945709228515625e+00,9.577945709228515625e+00,9.577945709228515625e+00,9.577945709228515625e+00,9.577945709228515625e+00,9.577945709228515625e+00,9.577945709228515625e+00,9.577945709228515625e+00,9.577945709228515625e+00,8.262800216674804688e+00,8.262800216674804688e+00,8.262800216674804688e+00
2.532226537349921536e+00,2.532226537349921536e+00,2.532226537349921536e+00,2.532226537349921536e+00,2.532226537349921536e+00,2.532226537349921536e+00,2.532226537349921536e+00,2.532226537349921536e+00,2.532226537349921536e+00,2.532226537349921536e+00,2.532226537349921536e+00,2.532226537349921536e+00,2.532226537349921536e+00,2.532226537349921536e+00,2.532226537349921536e+00,2.532226537349921536e+00,2.532226537349921536e+00,2.532226537349921536e+00,2.532226537349921536e+00,2.532226537349921536e+00,2.532226537349921536e+00
2.499512007542088909e+00,2.499512007542088909e+00,2.499512007542088909e+00,2.499512007542088909e+00,2.499512007542088909e+00,1.833357334136962891e+00,1.833357334136962891e+00,1.833357334136962891e+00,1.833357334136962891e+00,1.833357334136962891e+00,1.833357334136962891e+00,1.833357334136962891e+00,1.833357334136962891e+00,1.833357334136962891e+00,1.763700962066650391e+00,1.763700962066650391e+00,1.763700962066650391e+00,1.763700962066650391e+00,1.763700962066650391e+00,1.763700962066650391e+00,1.763700962066650391e+00
5.865096455221217031e-01,5.865096455221217031e-01,5.865096455221217031e-01,5.865096455221217031e-01,4.762587249279022217e-01,4.762587249279022217e-01,4.543923735618591309e-01,4.466581344604492188e-01,4.466581344604492188e-01,4.466581344604492188e-01,4.466581344604492188e-01,4.407224655151367188e-01,4.407224655151367188e-01,3.618044257164001465e-01,3.536837399005889893e-01,3.347207605838775635e-01,3.347207605838775635e-01,3.347207605838775635e-01,3.347207605838775635e-01,3.347207605838775635e-01,3.347207605838775635e-01
1.028825199428522907e+01,1.028825199428522907e+01,7.622668266296386719e+00,7.622668266296386719e+00,7.622668266296386719e+00,7.622668266296386719e+00,7.622668266296386719e+00,7.622668266296386719e+00,7.622668266296386719e+00,7.622668266296386719e+00,7.000154495239257812e+00,7.000154495239257812e+00,7.000154495239257812e+00,7.000154495239257812e+00,7.000154495239257812e+00,7.000154495239257812e+00,7.000154495239257812e+00,7.000154495239257812e+00,6.789899349212646484e+00,6.781267166137695312e+00,6.781267166137695312e+00
1.511124584903027213e+01,1.511124584903027213e+01,1.279793167114257812e+01,1.279793167114257812e+01,1.279793167114257812e+01,1.279793167114257812e+01,1.279793167114257812e+01,1.153470420837402344e+01,1.153470420837402344e+01,1.153470420837402344e+01,1.153470420837402344e+01,1.153470420837402344e+01,1.153470420837402344e+01,1.153470420837402344e+01,1.153470420837402344e+01,1.153470420837402344e+01,1.153470420837402344e+01,1.153470420837402344e+01,1.153470420837402344e+01,1.153470420837402344e+01,1.153470420837402344e+01
2.380412606450262647e+00,2.380412606450262647e+00,2.380412606450262647e+00,2.347933292388916016e+00,2.347933292388916016e+00,2.347933292388916016e+00,2.347933292388916016e+00,2.347933292388916016e+00,2.347933292388916016e+00,2.347933292388916016e+00,2.347933292388916016e+00,2.347933292388916016e+00,2.347933292388916016e+00,2.347933292388916016e+00,1.972280979156494141e+00,1.972280979156494141e+00,1.759796142578125000e+00,1.747221946716308594e+00,1.747221946716308594e+00,1.653665065765380859e+00,1.653665065765380859e+00
2.708285230052538495e+01,2.484344482421875000e+01,2.484344482421875000e+01,2.484344482421875000e+01,2.484344482421875000e+01,5.617206573486328125e+00,5.617206573486328125e+00,5.617206573486328125e+00,1.392869114875793457e+00,8.126454353332519531e-01,8.126454353332519531e-01,8.126454353332519531e-01,8.126454353332519531e-01,8.126454353332519531e-01,8.126454353332519531e-01,8.126454353332519531e-01,8.126454353332519531e-01,8.126454353332519531e-01,8.126454353332519531e-01,8.126454353332519531e-01,8.126454353332519531e-01
1.251566680872103809e+01,1.251566680872103809e+01,1.062184524536132812e+01,1.062184524536132812e+01,1.062184524536132812e+01,1.062184524536132812e+01,1.062184524536132812e+01,1.062184524536132812e+01,1.062184524536132812e+01,1.062184524536132812e+01,1.062184524536132812e+01,9.297872543334960938e+00,9.297872543334960938e+00,7.035903930664062500e+00,7.035903930664062500e+00,7.035903930664062500e+00,7.035903930664062500e+00,7.035903930664062500e+00,7.035903930664062500e+00,7.035903930664062500e+00,7.035903930664062500e+00
6.561466345229590047e+00,6.561466345229590047e+00,6.561466345229590047e+00,6.561466345229590047e+00,6.561466345229590047e+00,6.561466345229590047e+00,4.685858726501464844e+00,4.685858726501464844e+00,4.685858726501464844e+00,4.685858726501464844e+00,4.685858726501464844e+00,4.685858726501464844e+00,4.685858726501464844e+00,4.685858726501464844e+00,4.685858726501464844e+00,4.685858726501464844e+00,4.685858726501464844e+00,4.685858726501464844e+00,4.685858726501464844e+00,4.685858726501464844e+00,4.685858726501464844e+00
6.877875001534549781e+00,5.434022903442382812e+00,5.434022903442382812e+00,5.434022903442382812e+00,5.434022903442382812e+00,5.063162326812744141e+00,5.063162326812744141e+00,5.063162326812744141e+00,5.063162326812744141e+00,5.063162326812744141e+00,5.063162326812744141e+00,5.063162326812744141e+00,5.063162326812744141e+00,5.063162326812744141e+00,5.063162326812744141e+00,5.063162326812744141e+00,5.063162326812744141e+00,5.063162326812744141e+00,5.063162326812744141e+00,5.063162326812744141e+00,5.063162326812744141e+00
5.986996864018441222e-01,5.986996864018441222e-01,5.986996864018441222e-01,5.986996864018441222e-01,5.986996864018441222e-01,5.986996864018441222e-01,5.986996864018441222e-01,5.986996864018441222e-01,5.986996864018441222e-01,5.986996864018441222e-01,5.986996864018441222e-01,5.986996864018441222e-01,5.986996864018441222e-01,5.832502245903015137e-01,5.832502245903015137e-01,5.832502245903015137e-01,2.005190104246139526e-01,2.005190104246139526e-01,2.005190104246139526e-01,2.005190104246139526e-01,1.666758209466934204e-01
1.709089993163834009e+01,1.709089993163834009e+01,1.709089993163834009e+01,1.709089993163834009e+01,1.422536087036132812e+01,1.422536087036132812e+01,1.422536087036132812e+01,1.415292453765869141e+01,1.415292453765869141e+01,1.415292453765869141e+01,1.415292453765869141e+01,1.415292453765869141e+01,1.412774181365966797e+01,1.412774181365966797e+01,1.403339385986328125e+01,1.403339385986328125e+01,1.403339385986328125e+01,1.403339385986328125e+01,1.403339385986328125e+01,1.403339385986328125e+01,1.403339385986328125e+01
1.270306684876325498e+01,1.270306684876325498e+01,1.270306684876325498e+01,1.270306684876325498e+01,1.239024162292480469e+01,1.239024162292480469e+01,1.239024162292480469e+01,1.239024162292480469e+01,1.239024162292480469e+01,1.239024162292480469e+01,1.239024162292480469e+01,1.239024162292480469e+01,1.239024162292480469e+01,1.239024162292480469e+01,1.239024162292480469e+01,1.239024162292480469e+01,1.239024162292480469e+01,1.239024162292480469e+01,1.239024162292480469e+01,1.239024162292480469e+01,9.796381950378417969e+00
1.344761826701116325e+00,1.344761826701116325e+00,1.279066443443298340e+00,1.279066443443298340e+00,1.279066443443298340e+00,1.141915559768676758e+00,1.141915559768676758e+00,1.141915559768676758e+00,1.141915559768676758e+00,1.141915559768676758e+00,1.141915559768676758e+00,1.141915559768676758e+00,1.141915559768676758e+00,1.141915559768676758e+00,1.141915559768676758e+00,1.141915559768676758e+00,1.141915559768676758e+00,1.141915559768676758e+00,1.141915559768676758e+00,1.141915559768676758e+00,1.141915559768676758e+00
