3.545196855107315415e+00,3.545196855107315415e+00,3.545196855107315415e+00,3.545196855107315415e+00,8.316478814239501860e-01,5.870266045684814360e-01,5.870266045684814360e-01,5.870266045684814360e-01,5.870266045684814360e-01,5.870266045684814360e-01,5.870266045684814360e-01,5.870266045684814360e-01,5.870266045684814360e-01,5.870266045684814360e-01,5.870266045684814360e-01,5.870266045684814360e-01,5.870266045684814360e-01,5.870266045684814360e-01,5.870266045684814360e-01,5.870266045684814360e-01,5.870266045684814360e-01
9.746850357467707227e+00,9.746850357467707227e+00,9.746850357467707227e+00,9.746850357467707227e+00,9.746850357467707227e+00,2.481345662033080934e+00,2.481345662033080934e+00,2.481345662033080934e+00,2.481345662033080934e+00,2.481345662033080934e+00,2.481345662033080934e+00,5.347814644927978422e-01,5.347814644927978422e-01,4.006195153350829985e-01,4.006013955230712797e-01,3.998699273223876860e-01,3.998460854644775297e-01,3.998460854644775297e-01,3.998460854644775297e-01,3.998460854644775297e-01,3.998460854644775297e-01
7.693125871351418787e+00,7.693125871351418787e+00,4.565304526245117067e+00,4.565304526245117067e+00,2.248953827774047731e+00,2.248953827774047731e+00,2.248953827774047731e+00,2.248953827774047731e+00,2.248953827774047731e+00,2.248953827774047731e+00,2.248953827774047731e+00,2.248953827774047731e+00,2.248953827774047731e+00,2.248953827774047731e+00,4.425163354034423735e-01,4.425163354034423735e-01,4.425163354034423735e-01,4.155645455474853422e-01,4.074440087432861235e-01,3.985328759307861235e-01,3.985328759307861235e-01
5.094302375041932507e+00,5.094302375041932507e+00,5.094302375041932507e+00,2.060606964981078981e+00,2.060606964981078981e+00,2.060606964981078981e+00,2.060606964981078981e+00,2.060606964981078981e+00,4.304504479522704985e-01,4.304504479522704985e-01,4.304504479522704985e-01,4.304504479522704985e-01,4.304504479522704985e-01,4.304504479522704985e-01,4.304504479522704985e-01,4.304504479522704985e-01,4.103098000640869047e-01,4.103098000640869047e-01,4.103098000640869047e-01,4.098453606719970610e-01,4.098453606719970610e-01
8.843966319397878806e+00,8.843966319397878806e+00,8.843966319397878806e+00,3.770653733169555544e+00,3.770653733169555544e+00,3.770653733169555544e+00,3.770653733169555544e+00,1.004106530105590700e+00,1.004106530105590700e+00,5.365448083038329985e-01,5.365448083038329985e-01,5.365448083038329985e-01,5.365448083038329985e-01,5.365448083038329985e-01,5.365448083038329985e-01,4.016332711334228422e-01,4.016332711334228422e-01,4.016332711334228422e-01,4.016332711334228422e-01,4.016332711334228422e-01,4.016332711334228422e-01
6.166339592124312929e+00,1.154930123245239137e+00,1.154930123245239137e+00,1.154930123245239137e+00,1.154930123245239137e+00,6.985664452667236235e-01,6.985664452667236235e-01,6.985664452667236235e-01,6.985664452667236235e-01,4.029617394561767485e-01,4.029617394561767485e-01,4.023838128204345610e-01,4.023838128204345610e-01,4.023838128204345610e-01,4.023838128204345610e-01,4.023838128204345610e-01,4.023838128204345610e-01,4.023838128204345610e-01,4.023838128204345610e-01,4.023838128204345610e-01,4.023838128204345610e-01
1.463105973244504909e+01,5.646903761779785036e+00,5.646903761779785036e+00,6.069431389923095610e-01,6.069431389923095610e-01,6.069431389923095610e-01,6.069431389923095610e-01,4.304924096221923735e-01,4.283161248321533110e-01,4.283161248321533110e-01,4.283161248321533110e-01,4.283161248321533110e-01,4.283161248321533110e-01,4.283161248321533110e-01,4.283161248321533110e-01,4.283161248321533110e-01,4.283161248321533110e-01,4.283161248321533110e-01,4.132766808624267485e-01,4.132766808624267485e-01,4.132766808624267485e-01
2.087576548445779778e+00,2.087576548445779778e+00,8.146057213897704985e-01,5.926284875030517485e-01,4.698190774078369047e-01,4.009914483184814360e-01,4.001731957550048735e-01,4.001731957550048735e-01,3.989906396026611235e-01,3.986511315460204985e-01,3.984708871002197172e-01,3.984708871002197172e-01,3.984708871002197172e-01,3.984708871002197172e-01,3.984708871002197172e-01,3.984708871002197172e-01,3.984708871002197172e-01,3.984708871002197172e-01,3.984708871002197172e-01,3.984708871002197172e-01,3.979740227813720610e-01
1.094298286285527055e+00,6.695671166534423735e-01,6.695671166534423735e-01,6.695671166534423735e-01,6.695671166534423735e-01,6.695671166534423735e-01,6.695671166534423735e-01,6.695671166534423735e-01,6.695671166534423735e-01,6.695671166534423735e-01,6.695671166534423735e-01,6.695671166534423735e-01,6.695671166534423735e-01,4.174814309234619047e-01,4.174814309234619047e-01,4.174814309234619047e-01,4.172430123443603422e-01,4.172430123443603422e-01,4.172430123443603422e-01,4.129810418243408110e-01,4.129810418243408110e-01
1.686375184037311570e+00,1.686375184037311570e+00,1.686375184037311570e+00,6.909141625518798735e-01,6.909141625518798735e-01,6.909141625518798735e-01,6.909141625518798735e-01,6.909141625518798735e-01,6.909141625518798735e-01,6.909141625518798735e-01,6.909141625518798735e-01,6.909141625518798735e-01,6.909141625518798735e-01,6.909141625518798735e-01,6.909141625518798735e-01,6.909141625518798735e-01,5.231447304840087797e-01,5.231447304840087797e-01,4.002237404937744047e-01,4.002237404937744047e-01,4.002237404937744047e-01
5.604303918368117365e+00,3.155155190383911012e+00,3.155155190383911012e+00,3.155155190383911012e+00,3.155155190383911012e+00,3.155155190383911012e+00,3.155155190383911012e+00,3.155155190383911012e+00,3.155155190383911012e+00,1.105489739334106325e+00,1.105489739334106325e+00,1.105489739334106325e+00,7.109479989166259672e-01,7.109479989166259672e-01,7.109479989166259672e-01,5.657138909454345610e-01,5.526514138336181547e-01,5.526514138336181547e-01,5.187501992340087797e-01,5.173044289703369047e-01,5.173044289703369047e-01
5.101854702066825453e+00,5.101854702066825453e+00,8.795251931304931547e-01,8.795251931304931547e-01,8.795251931304931547e-01,8.795251931304931547e-01,8.795251931304931547e-01,8.795251931304931547e-01,8.795251931304931547e-01,8.795251931304931547e-01,8.795251931304931547e-01,8.795251931304931547e-01,8.795251931304931547e-01,8.795251931304931547e-01,8.795251931304931547e-01,6.885423745269775297e-01,6.885423745269775297e-01,6.885423745269775297e-01,6.885423745269775297e-01,6.885423745269775297e-01,4.090604867095947172e-01
2.061964464423118315e+01,1.969153285876464921e+01,1.096089340106201249e+01,1.096089340106201249e+01,1.096089340106201249e+01,1.974424370681762575e+00,1.974424370681762575e+00,1.974424370681762575e+00,1.974424370681762575e+00,1.974424370681762575e+00,1.974424370681762575e+00,1.974424370681762575e+00,4.313745583648681547e-01,4.313745583648681547e-01,4.313745583648681547e-01,4.313745583648681547e-01,4.313745583648681547e-01,4.313745583648681547e-01,4.264688576812744047e-01,4.264688576812744047e-01,4.264688576812744047e-01
8.005729131539522925e+00,8.005729131539522925e+00,3.045789727127075075e+00,3.045789727127075075e+00,3.045789727127075075e+00,8.326864327545165922e-01,4.736604775543212797e-01,4.736604775543212797e-01,4.736604775543212797e-01,4.736604775543212797e-01,4.736604775543212797e-01,4.736604775543212797e-01,4.031076516265869047e-01,4.028110589141845610e-01,4.027023400421142485e-01,4.015112008209228422e-01,4.015112008209228422e-01,4.015112008209228422e-01,4.015112008209228422e-01,4.015112008209228422e-01,4.015112008209228422e-01
1.746895377936693805e+00,1.746895377936693805e+00,1.746895377936693805e+00,1.746895377936693805e+00,1.746895377936693805e+00,9.551410760040283110e-01,9.551410760040283110e-01,9.551410760040283110e-01,9.551410760040283110e-01,9.551410760040283110e-01,4.291019524688720610e-01,4.291019524688720610e-01,4.291019524688720610e-01,4.291019524688720610e-01,4.291019524688720610e-01,4.291019524688720610e-01,4.291019524688720610e-01,4.291019524688720610e-01,4.291019524688720610e-01,4.291019524688720610e-01,4.291019524688720610e-01
4.827708080693826176e+00,4.827708080693826176e+00,4.827708080693826176e+00,2.291700848495483278e+00,2.291700848495483278e+00,2.291700848495483278e+00,2.291700848495483278e+00,4.297828759307861235e-01,4.034328545684814360e-01,4.031181420440673735e-01,4.028501595611572172e-01,4.025898064727783110e-01,4.023408974761962797e-01,4.021024788970947172e-01,4.021024788970947172e-01,4.019451226348876860e-01,4.017200554962158110e-01,4.015131081695556547e-01,4.013242806549072172e-01,4.011526192779540922e-01,4.009962166900634672e-01
3.557262108599126726e+00,3.557262108599126726e+00,6.743316735382079985e-01,6.743316735382079985e-01,6.743316735382079985e-01,4.352321709747314360e-01,4.352321709747314360e-01,4.352321709747314360e-01,4.237594689483642485e-01,4.237594689483642485e-01,4.237594689483642485e-01,4.237594689483642485e-01,4.237594689483642485e-01,4.166116799468994047e-01,4.166116799468994047e-01,4.166116799468994047e-01,4.166116799468994047e-01,4.166116799468994047e-01,4.166116799468994047e-01,4.166116799468994047e-01,4.137840355987548735e-01
4.992503075044600891e+00,4.992503075044600891e+00,4.992503075044600891e+00,4.441055067932128786e+00,4.441055067932128786e+00,2.418386944686889528e+00,2.418386944686889528e+00,2.418386944686889528e+00,2.418386944686889528e+00,2.418386944686889528e+00,2.179191597854614137e+00,2.179191597854614137e+00,6.031408394927978422e-01,5.724077309722900297e-01,5.724077309722900297e-01,5.724077309722900297e-01,5.724077309722900297e-01,5.724077309722900297e-01,5.724077309722900297e-01,5.724077309722900297e-01,4.847107018585204985e-01
4.858243836947121252e+00,3.659715660964965700e+00,3.659715660964965700e+00,2.684289940750121950e+00,6.968278969879150297e-01,4.647626961822509672e-01,4.647626961822509672e-01,4.012689675445556547e-01,4.012689675445556547e-01,4.012689675445556547e-01,4.012689675445556547e-01,4.012689675445556547e-01,4.012689675445556547e-01,4.012689675445556547e-01,4.012689675445556547e-01,4.012689675445556547e-01,4.012689675445556547e-01,4.012689675445556547e-01,4.012689675445556547e-01,4.012689675445556547e-01,4.012689675445556547e-01
1.237863797389685772e+00,1.237863797389685772e+00,1.237863797389685772e+00,1.053458222305297731e+00,1.053458222305297731e+00,1.053458222305297731e+00,1.053458222305297731e+00,1.053458222305297731e+00,1.053458222305297731e+00,1.053458222305297731e+00,1.053458222305297731e+00,1.053458222305297731e+00,1.053458222305297731e+00,1.053458222305297731e+00,1.053458222305297731e+00,1.053458222305297731e+00,1.053458222305297731e+00,4.266138161773681547e-01,4.266138161773681547e-01,4.266138161773681547e-01,4.266138161773681547e-01
