3.545196855107315415e+00,3.545196855107315415e+00,3.545196855107315415e+00,2.042964943801879762e+00,2.042964943801879762e+00,2.042964943801879762e+00,2.042964943801879762e+00,2.042964943801879762e+00,2.042964943801879762e+00,6.750831688995361235e-01,6.750831688995361235e-01,6.750831688995361235e-01,6.750831688995361235e-01,6.750831688995361235e-01,6.750831688995361235e-01,6.750831688995361235e-01,6.750831688995361235e-01,6.750831688995361235e-01,6.750831688995361235e-01,6.750831688995361235e-01,6.750831688995361235e-01
9.746850357467707227e+00,2.839697846328735231e+00,2.839697846328735231e+00,2.839697846328735231e+00,2.839697846328735231e+00,2.839697846328735231e+00,2.406879433547973512e+00,2.406879433547973512e+00,2.406879433547973512e+00,2.406879433547973512e+00,2.406879433547973512e+00,2.406879433547973512e+00,2.406879433547973512e+00,1.452556618606567262e+00,1.452556618606567262e+00,1.452556618606567262e+00,1.452556618606567262e+00,5.789337243194579985e-01,5.789337243194579985e-01,4.388828362579345610e-01,4.388828362579345610e-01
7.693125871351418787e+00,7.693125871351418787e+00,7.693125871351418787e+00,7.693125871351418787e+00,7.693125871351418787e+00,2.001381405746459841e+00,2.001381405746459841e+00,2.001381405746459841e+00,2.001381405746459841e+00,2.001381405746459841e+00,2.001381405746459841e+00,1.943581589614868044e+00,1.943581589614868044e+00,6.850595559234619047e-01,6.850595559234619047e-01,6.850595559234619047e-01,6.850595559234619047e-01,6.850595559234619047e-01,6.850595559234619047e-01,6.850595559234619047e-01,6.850595559234619047e-01
5.094302375041932507e+00,5.094302375041932507e+00,5.591821755523681547e-01,5.591821755523681547e-01,5.591821755523681547e-01,5.591821755523681547e-01,5.591821755523681547e-01,5.591821755523681547e-01,5.591821755523681547e-01,5.591821755523681547e-01,5.591821755523681547e-01,5.591821755523681547e-01,5.591821755523681547e-01,5.591821755523681547e-01,5.591821755523681547e-01,5.591821755523681547e-01,5.591821755523681547e-01,5.591821755523681547e-01,5.591821755523681547e-01,5.591821755523681547e-01,5.591821755523681547e-01
8.843966319397878806e+00,8.843966319397878806e+00,8.843966319397878806e+00,2.217837819015502809e+00,2.217837819015502809e+00,2.217837819015502809e+00,2.217837819015502809e+00,2.217837819015502809e+00,2.217837819015502809e+00,2.217837819015502809e+00,1.954824456130981325e+00,4.837370003814697172e-01,4.837370003814697172e-01,4.837370003814697172e-01,4.837370003814697172e-01,4.194870080108642485e-01,4.194870080108642485e-01,4.194870080108642485e-01,4.194870080108642485e-01,4.194870080108642485e-01,4.194870080108642485e-01
6.166339592124312929e+00,5.935695418273925661e+00,5.201408156311035036e+00,5.201408156311035036e+00,5.201408156311035036e+00,3.893590935623168825e+00,3.893590935623168825e+00,1.946010598098754762e+00,1.946010598098754762e+00,1.597517022048950075e+00,1.428837784683227419e+00,1.428837784683227419e+00,1.428837784683227419e+00,1.428837784683227419e+00,1.428837784683227419e+00,1.428837784683227419e+00,4.930629815216064360e-01,4.930629815216064360e-01,4.930629815216064360e-01,4.930629815216064360e-01,4.930629815216064360e-01
1.463105973244504909e+01,5.164225348388671755e+00,4.693889702911376860e-01,4.693889702911376860e-01,4.693889702911376860e-01,4.693889702911376860e-01,4.693889702911376860e-01,4.693889702911376860e-01,4.693889702911376860e-01,4.693889702911376860e-01,4.693889702911376860e-01,4.693889702911376860e-01,4.693889702911376860e-01,4.693889702911376860e-01,4.693889702911376860e-01,4.693889702911376860e-01,4.693889702911376860e-01,4.693889702911376860e-01,4.693889702911376860e-01,4.693889702911376860e-01,4.693889702911376860e-01
2.087576548445779778e+00,2.087576548445779778e+00,2.087576548445779778e+00,2.087576548445779778e+00,2.087576548445779778e+00,2.087576548445779778e+00,2.087576548445779778e+00,2.087576548445779778e+00,2.087576548445779778e+00,2.087576548445779778e+00,4.664402093048095610e-01,4.664402093048095610e-01,4.664402093048095610e-01,4.664402093048095610e-01,4.664402093048095610e-01,4.664402093048095610e-01,4.664402093048095610e-01,4.664402093048095610e-01,4.664402093048095610e-01,4.664402093048095610e-01,4.664402093048095610e-01
1.094298286285527055e+00,1.094298286285527055e+00,1.094298286285527055e+00,1.094298286285527055e+00,1.094298286285527055e+00,1.094298286285527055e+00,1.094298286285527055e+00,1.094298286285527055e+00,1.094298286285527055e+00,1.094298286285527055e+00,1.074885376846313356e+00,1.074885376846313356e+00,1.074885376846313356e+00,1.074885376846313356e+00,1.074885376846313356e+00,1.074885376846313356e+00,1.074885376846313356e+00,1.074885376846313356e+00,1.074885376846313356e+00,6.061277474517822172e-01,6.061277474517822172e-01
1.686375184037311570e+00,1.686375184037311570e+00,1.686375184037311570e+00,1.686375184037311570e+00,1.686375184037311570e+00,1.686375184037311570e+00,1.686375184037311570e+00,1.686375184037311570e+00,1.686375184037311570e+00,1.686375184037311570e+00,1.686375184037311570e+00,1.686375184037311570e+00,1.686375184037311570e+00,1.686375184037311570e+00,1.686375184037311570e+00,1.686375184037311570e+00,1.686375184037311570e+00,1.686375184037311570e+00,1.416539200698852419e+00,4.300146187896728422e-01,4.300146187896728422e-01
5.604303918368117365e+00,5.604303918368117365e+00,5.604303918368117365e+00,3.675373562728881716e+00,3.675373562728881716e+00,3.675373562728881716e+00,2.399950035964965700e+00,2.399950035964965700e+00,2.399950035964965700e+00,6.186580742950439360e-01,6.186580742950439360e-01,6.186580742950439360e-01,6.186580742950439360e-01,6.186580742950439360e-01,6.186580742950439360e-01,5.271921242828369047e-01,5.271921242828369047e-01,5.271921242828369047e-01,4.335994805450439360e-01,4.260349358673095610e-01,4.260349358673095610e-01
5.101854702066825453e+00,5.101854702066825453e+00,3.639496811782836794e+00,3.639496811782836794e+00,3.639496811782836794e+00,3.639496811782836794e+00,3.639496811782836794e+00,3.639496811782836794e+00,3.639496811782836794e+00,7.624607171173095610e-01,7.624607171173095610e-01,7.624607171173095610e-01,7.624607171173095610e-01,7.624607171173095610e-01,7.624607171173095610e-01,7.624607171173095610e-01,7.624607171173095610e-01,7.624607171173095610e-01,5.374393548126220610e-01,5.374393548126220610e-01,5.374393548126220610e-01
2.061964464423118315e+01,1.943670917407226639e+01,1.096089340106201249e+01,1.096089340106201249e+01,1.096089340106201249e+01,2.490881928359985231e+00,2.490881928359985231e+00,1.743842133438110231e+00,1.743842133438110231e+00,1.743842133438110231e+00,1.158158310806274294e+00,4.402752007598876860e-01,4.402752007598876860e-01,4.402752007598876860e-01,4.402752007598876860e-01,4.402752007598876860e-01,4.402752007598876860e-01,4.402752007598876860e-01,4.402752007598876860e-01,4.402752007598876860e-01,4.402752007598876860e-01
8.005729131539522925e+00,8.005729131539522925e+00,8.005729131539522925e+00,8.005729131539522925e+00,8.005729131539522925e+00,2.211019047653198122e+00,2.211019047653198122e+00,2.211019047653198122e+00,2.211019047653198122e+00,2.211019047653198122e+00,2.211019047653198122e+00,2.211019047653198122e+00,2.211019047653198122e+00,2.211019047653198122e+00,2.211019047653198122e+00,4.966249550933837797e-01,4.966249550933837797e-01,4.966249550933837797e-01,4.966249550933837797e-01,4.966249550933837797e-01,4.966249550933837797e-01
1.746895377936693805e+00,1.746895377936693805e+00,1.746895377936693805e+00,1.746895377936693805e+00,1.746895377936693805e+00,1.746895377936693805e+00,1.746895377936693805e+00,1.746895377936693805e+00,1.746895377936693805e+00,1.746895377936693805e+00,1.746895377936693805e+00,5.929842080230712797e-01,5.929842080230712797e-01,5.929842080230712797e-01,5.929842080230712797e-01,5.929842080230712797e-01,5.929842080230712797e-01,5.929842080230712797e-01,5.929842080230712797e-01,5.929842080230712797e-01,5.929842080230712797e-01
4.827708080693826176e+00,4.827708080693826176e+00,4.827708080693826176e+00,2.220235356246948122e+00,2.220235356246948122e+00,2.220235356246948122e+00,6.635837639923095610e-01,6.635837639923095610e-01,6.635837639923095610e-01,6.635837639923095610e-01,6.635837639923095610e-01,6.635837639923095610e-01,6.635837639923095610e-01,6.635837639923095610e-01,5.147380913848876860e-01,5.147380913848876860e-01,5.147380913848876860e-01,5.147380913848876860e-01,5.147380913848876860e-01,5.147380913848876860e-01,5.147380913848876860e-01
3.557262108599126726e+00,3.557262108599126726e+00,3.557262108599126726e+00,3.557262108599126726e+00,3.557262108599126726e+00,1.565243729507446169e+00,1.565243729507446169e+00,1.565243729507446169e+00,1.565243729507446169e+00,1.565243729507446169e+00,1.565243729507446169e+00,1.565243729507446169e+00,1.565243729507446169e+00,1.121171959793090700e+00,1.121171959793090700e+00,1.121171959793090700e+00,1.121171959793090700e+00,1.121171959793090700e+00,4.021883095855712797e-01,4.021883095855712797e-01,4.021883095855712797e-01
4.992503075044600891e+00,4.992503075044600891e+00,4.992503075044600891e+00,4.992503075044600891e+00,4.304897316848754762e+00,4.304897316848754762e+00,4.304897316848754762e+00,4.304897316848754762e+00,1.268175133621215700e+00,1.268175133621215700e+00,1.268175133621215700e+00,1.268175133621215700e+00,1.268175133621215700e+00,1.268175133621215700e+00,4.752426232452392485e-01,4.752426232452392485e-01,4.752426232452392485e-01,4.752426232452392485e-01,4.752426232452392485e-01,4.752426232452392485e-01,4.752426232452392485e-01
4.858243836947121252e+00,4.858243836947121252e+00,4.858243836947121252e+00,4.858243836947121252e+00,4.858243836947121252e+00,4.858243836947121252e+00,3.604688176071166872e+00,1.988091477310180544e+00,1.988091477310180544e+00,1.988091477310180544e+00,1.988091477310180544e+00,1.988091477310180544e+00,1.988091477310180544e+00,7.273378457183837797e-01,7.273378457183837797e-01,4.584636773223876860e-01,4.584636773223876860e-01,4.584636773223876860e-01,4.584636773223876860e-01,4.221763695831298735e-01,4.221763695831298735e-01
1.237863797389685772e+00,1.237863797389685772e+00,1.237863797389685772e+00,1.237863797389685772e+00,1.237863797389685772e+00,1.237863797389685772e+00,1.237863797389685772e+00,1.237863797389685772e+00,1.237863797389685772e+00,1.237863797389685772e+00,1.237863797389685772e+00,1.237863797389685772e+00,1.237863797389685772e+00,1.237863797389685772e+00,1.237863797389685772e+00,1.237863797389685772e+00,1.237863797389685772e+00,1.237863797389685772e+00,7.810869301910400297e-01,7.810869301910400297e-01,7.810869301910400297e-01
