3.545196855107315415e+00,3.545196855107315415e+00,3.545196855107315415e+00,2.685766228591918825e+00,1.600761422073364137e+00,1.346905716812133669e+00,1.135437973892211794e+00,1.131296166336059450e+00,1.130577095901489137e+00,1.129354485427856325e+00,1.126085289871215700e+00,1.112260826980590700e+00,9.759798134918212797e-01,9.759798134918212797e-01,6.780147637481689360e-01,5.276489342803954985e-01,5.276489342803954985e-01,5.276489342803954985e-01,5.276489342803954985e-01,5.276489342803954985e-01,4.958982552642822172e-01
9.746850357467707227e+00,2.839750298416137575e+00,1.725882538711547731e+00,1.725882538711547731e+00,1.725882538711547731e+00,5.845537270660400297e-01,5.845537270660400297e-01,5.845537270660400297e-01,4.163646782989501860e-01,4.148082818145751860e-01,4.140997017974853422e-01,4.124689187164306547e-01,4.066600884552001860e-01,4.066600884552001860e-01,4.066600884552001860e-01,3.992767418975829985e-01,3.992767418975829985e-01,3.992767418975829985e-01,3.992767418975829985e-01,3.985672082061767485e-01,3.985672082061767485e-01
7.693125871351418787e+00,7.693125871351418787e+00,7.194105872070312380e+00,3.447317131912231325e+00,3.380405434524536012e+00,3.380405434524536012e+00,2.411202439224243044e+00,1.774852761184692262e+00,5.813064660186767485e-01,5.813064660186767485e-01,4.124040688629150297e-01,4.124040688629150297e-01,4.124040688629150297e-01,4.124040688629150297e-01,4.124040688629150297e-01,4.124040688629150297e-01,4.001073922271728422e-01,4.001073922271728422e-01,4.001073922271728422e-01,4.001073922271728422e-01,4.001073922271728422e-01
5.094302375041932507e+00,5.094302375041932507e+00,5.094302375041932507e+00,5.094302375041932507e+00,5.094302375041932507e+00,4.315282830154418825e+00,2.720432766830444216e+00,2.720432766830444216e+00,2.527877816116332887e+00,1.896062859451293825e+00,9.452400292510986235e-01,6.662712182159423735e-01,6.580391015167236235e-01,6.466064538116454985e-01,6.345291222686767485e-01,5.015640343780517485e-01,5.015640343780517485e-01,4.109754647369384672e-01,4.109754647369384672e-01,4.109754647369384672e-01,4.005832757110595610e-01
8.843966319397878806e+00,8.843966319397878806e+00,5.292077788269042848e+00,5.292077788269042848e+00,4.667968834991454985e-01,4.667968834991454985e-01,4.078159417266845610e-01,4.078159417266845610e-01,4.078159417266845610e-01,4.078159417266845610e-01,4.078159417266845610e-01,4.078159417266845610e-01,3.990297402496337797e-01,3.990297402496337797e-01,3.990297402496337797e-01,3.990297402496337797e-01,3.983917321319579985e-01,3.983917321319579985e-01,3.983917321319579985e-01,3.983917321319579985e-01,3.983917321319579985e-01
6.166339592124312929e+00,5.935565718566894411e+00,1.590087899124145387e+00,1.590087899124145387e+00,1.590087899124145387e+00,1.590087899124145387e+00,6.486444558258056547e-01,4.511289681549072172e-01,4.187469567413329985e-01,4.187469567413329985e-01,4.187469567413329985e-01,4.187469567413329985e-01,3.990373696441650297e-01,3.990373696441650297e-01,3.990373696441650297e-01,3.990373696441650297e-01,3.990373696441650297e-01,3.990373696441650297e-01,3.979063119049072172e-01,3.979063119049072172e-01,3.979063119049072172e-01
1.463105973244504909e+01,5.164230116760253786e+00,5.082267531311035036e+00,5.082267531311035036e+00,4.902703055297851442e+00,2.478107937728881716e+00,1.505228051101684450e+00,4.835825051422119047e-01,4.835825051422119047e-01,4.835825051422119047e-01,4.835825051422119047e-01,4.835825051422119047e-01,4.835825051422119047e-01,3.981628502960204985e-01,3.981628502960204985e-01,3.981628502960204985e-01,3.981628502960204985e-01,3.981628502960204985e-01,3.981628502960204985e-01,3.981628502960204985e-01,3.981628502960204985e-01
2.087576548445779778e+00,2.087576548445779778e+00,2.087561615859985231e+00,2.087561615859985231e+00,2.087561615859985231e+00,2.087433346664428591e+00,2.085338124191284059e+00,1.759235390579223512e+00,1.759235390579223512e+00,6.354818429107665922e-01,6.203775490875244047e-01,4.772796715850829985e-01,4.772796715850829985e-01,4.772796715850829985e-01,4.772796715850829985e-01,4.772796715850829985e-01,4.772796715850829985e-01,4.768295373077392485e-01,4.755182351226806547e-01,4.732303704376220610e-01,4.732303704376220610e-01
1.094298286285527055e+00,1.094298286285527055e+00,1.094298286285527055e+00,1.094298286285527055e+00,1.094298286285527055e+00,5.663681115264892485e-01,3.984918679351806547e-01,3.984918679351806547e-01,3.984918679351806547e-01,3.984918679351806547e-01,3.984918679351806547e-01,3.984918679351806547e-01,3.984918679351806547e-01,3.984918679351806547e-01,3.984918679351806547e-01,3.984918679351806547e-01,3.981580819244384672e-01,3.981580819244384672e-01,3.981580819244384672e-01,3.981580819244384672e-01,3.981580819244384672e-01
1.686375184037311570e+00,1.686375184037311570e+00,1.686375184037311570e+00,1.686375184037311570e+00,1.026308068191528200e+00,1.026308068191528200e+00,8.888216103668212797e-01,7.886428917999267485e-01,5.758438195343017485e-01,5.758438195343017485e-01,4.259538735504150297e-01,4.259538735504150297e-01,4.170503701324462797e-01,4.166746224517822172e-01,4.166746224517822172e-01,4.166746224517822172e-01,4.166746224517822172e-01,4.166746224517822172e-01,4.166746224517822172e-01,4.166746224517822172e-01,4.166746224517822172e-01
5.604303918368117365e+00,5.604303918368117365e+00,5.604303918368117365e+00,5.604303918368117365e+00,5.090065087432861235e-01,5.090065087432861235e-01,5.090065087432861235e-01,5.053196038360595610e-01,4.988975609893798735e-01,3.981485451812744047e-01,3.981485451812744047e-01,3.981485451812744047e-01,3.981485451812744047e-01,3.981485451812744047e-01,3.981485451812744047e-01,3.981485451812744047e-01,3.981485451812744047e-01,3.981485451812744047e-01,3.981485451812744047e-01,3.981485451812744047e-01,3.981485451812744047e-01
5.101854702066825453e+00,5.101854702066825453e+00,2.486869820510864137e+00,2.486869820510864137e+00,2.304022797500610231e+00,2.304022797500610231e+00,1.972763070022582887e+00,1.699686058914184450e+00,1.525115021621703981e+00,8.623733605499267485e-01,4.681224907989501860e-01,4.681224907989501860e-01,4.681224907989501860e-01,4.681224907989501860e-01,4.535818184967040922e-01,4.192237938995361235e-01,4.192237938995361235e-01,4.192237938995361235e-01,4.110431756134033110e-01,4.036579217071533110e-01,4.036579217071533110e-01
2.061964464423118315e+01,1.943670726672363358e+01,1.943670726672363358e+01,6.389979132568359255e+00,3.744085320388793825e+00,1.488531121170043825e+00,5.443935479278564360e-01,5.443935479278564360e-01,5.443935479278564360e-01,5.443935479278564360e-01,5.443935479278564360e-01,4.050655449981689360e-01,4.050655449981689360e-01,4.050655449981689360e-01,3.992080773468017485e-01,3.992080773468017485e-01,3.992080773468017485e-01,3.992080773468017485e-01,3.992080773468017485e-01,3.992080773468017485e-01,3.992080773468017485e-01
8.005729131539522925e+00,8.005729131539522925e+00,8.005729131539522925e+00,8.005729131539522925e+00,5.661564597045898317e+00,5.661564597045898317e+00,2.573044308578491091e+00,2.573044308578491091e+00,2.573044308578491091e+00,5.895414437408447172e-01,5.895414437408447172e-01,5.895414437408447172e-01,4.961614693756103422e-01,4.961614693756103422e-01,4.405546273345947172e-01,4.405546273345947172e-01,4.120950783843994047e-01,4.120950783843994047e-01,3.987846459503173735e-01,3.987846459503173735e-01,3.986158455963134672e-01
1.746895377936693805e+00,1.746895377936693805e+00,1.746895377936693805e+00,1.746895377936693805e+00,1.492714890396118044e+00,8.446693505401611235e-01,8.446693505401611235e-01,5.120258416290283110e-01,4.766168679351806547e-01,4.071607674713134672e-01,4.071607674713134672e-01,4.071607674713134672e-01,4.071607674713134672e-01,3.984870995635986235e-01,3.984870995635986235e-01,3.984870995635986235e-01,3.984870995635986235e-01,3.984870995635986235e-01,3.984870995635986235e-01,3.984870995635986235e-01,3.984870995635986235e-01
4.827708080693826176e+00,4.827708080693826176e+00,4.827708080693826176e+00,4.813171156799316286e+00,4.813171156799316286e+00,8.374500359649658110e-01,8.374500359649658110e-01,6.823511208648681547e-01,4.226865853424072172e-01,4.226865853424072172e-01,4.226865853424072172e-01,4.226865853424072172e-01,4.226865853424072172e-01,3.979902352447509672e-01,3.979902352447509672e-01,3.979902352447509672e-01,3.979902352447509672e-01,3.979902352447509672e-01,3.979902352447509672e-01,3.979902352447509672e-01,3.979902352447509672e-01
3.557262108599126726e+00,3.557262108599126726e+00,3.557262108599126726e+00,3.557262108599126726e+00,3.557247647201537966e+00,3.557247647201537966e+00,1.002067574417114137e+00,1.002067574417114137e+00,1.002067574417114137e+00,1.002067574417114137e+00,4.426145638580322172e-01,4.426145638580322172e-01,4.256801690216064360e-01,4.256801690216064360e-01,4.256801690216064360e-01,4.070339287872314360e-01,4.035415734405517485e-01,4.033594216461181547e-01,4.033594216461181547e-01,4.033594216461181547e-01,4.027376259918212797e-01
4.992503075044600891e+00,4.992503075044600891e+00,4.417982825195312380e+00,4.278211125289916872e+00,4.278211125289916872e+00,3.329035767471313356e+00,3.143311985885619997e+00,2.583526619827270387e+00,1.448672303115844606e+00,1.036732682144164919e+00,1.036732682144164919e+00,6.415700997467040922e-01,6.415700997467040922e-01,6.415700997467040922e-01,5.238161172027587797e-01,4.049758996124267485e-01,4.049758996124267485e-01,4.049758996124267485e-01,4.023313607330322172e-01,4.023313607330322172e-01,4.018983925933837797e-01
4.858243836947121252e+00,4.858243836947121252e+00,2.099140652572631716e+00,2.099140652572631716e+00,1.637859352981567262e+00,1.443566330825805544e+00,1.443566330825805544e+00,1.288120278274536012e+00,1.046123513137817262e+00,4.950180138702392485e-01,4.950180138702392485e-01,4.717273797149658110e-01,4.717273797149658110e-01,4.206161584014892485e-01,4.206161584014892485e-01,4.206161584014892485e-01,4.206161584014892485e-01,4.206161584014892485e-01,4.087791527862548735e-01,4.087791527862548735e-01,4.016037072296142485e-01
1.237863797389685772e+00,1.237863797389685772e+00,1.237863797389685772e+00,1.237863797389685772e+00,9.014816369171142485e-01,8.769645775909423735e-01,8.769645775909423735e-01,4.167995537872314360e-01,4.167995537872314360e-01,4.032049264068603422e-01,4.032049264068603422e-01,4.032049264068603422e-01,4.032049264068603422e-01,4.011869515533447172e-01,4.011869515533447172e-01,4.011869515533447172e-01,4.011869515533447172e-01,4.011869515533447172e-01,4.011869515533447172e-01,3.990287865753173735e-01,3.980102624053954985e-01
