1.513676229946356067e+01,2.652602903904972109e+00,2.652602903904972109e+00,9.089112651701876100e-01,9.089112651701876100e-01,9.089112651701876100e-01,9.089112651701876100e-01,9.089112651701876100e-01,9.089112651701876100e-01,9.089112651701876100e-01,9.089112651701876100e-01,9.089112651701876100e-01,9.089112651701876100e-01,9.089112651701876100e-01,9.089112651701876100e-01,9.089112651701876100e-01,9.089112651701876100e-01,9.089112651701876100e-01,9.089112651701876100e-01,9.089112651701876100e-01,9.089112651701876100e-01
1.948512006289873000e+01,6.892808579045814454e+00,6.892808579045814454e+00,5.102012995448631294e+00,5.102012995448631294e+00,5.102012995448631294e+00,5.102012995448631294e+00,5.102012995448631294e+00,5.102012995448631294e+00,5.102012995448631294e+00,5.102012995448631294e+00,5.102012995448631294e+00,5.102012995448631294e+00,5.102012995448631294e+00,4.561264581988635491e+00,4.561264581988635491e+00,4.561264581988635491e+00,4.561264581988635491e+00,4.561264581988635491e+00,4.561264581988635491e+00,4.561264581988635491e+00
6.802468539619835219e+00,6.802468539619835219e+00,4.451257099914424309e+00,4.451257099914424309e+00,4.451257099914424309e+00,4.451257099914424309e+00,4.451257099914424309e+00,4.451257099914424309e+00,4.451257099914424309e+00,4.451257099914424309e+00,4.400464379514054336e+00,4.400464379514054336e+00,4.400464379514054336e+00,4.400464379514054336e+00,4.400464379514054336e+00,4.400464379514054336e+00,4.400464379514054336e+00,4.400464379514054336e+00,4.400464379514054336e+00,4.400464379514054336e+00,4.400464379514054336e+00
1.434859887684804924e+01,1.434859887684804924e+01,1.434859887684804924e+01,1.434859887684804924e+01,1.434859887684804924e+01,1.182052543491619812e+00,1.182052543491619812e+00,1.182052543491619812e+00,1.182052543491619812e+00,1.182052543491619812e+00,1.182052543491619812e+00,1.182052543491619812e+00,1.182052543491619812e+00,1.182052543491619812e+00,1.182052543491619812e+00,1.182052543491619812e+00,1.182052543491619812e+00,1.182052543491619812e+00,1.182052543491619812e+00,1.182052543491619812e+00,1.182052543491619812e+00
3.067613505143035102e+00,3.067613505143035102e+00,3.067613505143035102e+00,3.067613505143035102e+00,3.067613505143035102e+00,3.067613505143035102e+00,3.067613505143035102e+00,3.067613505143035102e+00,3.067613505143035102e+00,3.067613505143035102e+00,3.067613505143035102e+00,3.067613505143035102e+00,3.067613505143035102e+00,3.067613505143035102e+00,3.067613505143035102e+00,3.067613505143035102e+00,3.067613505143035102e+00,3.067613505143035102e+00,3.067613505143035102e+00,3.067613505143035102e+00,3.067613505143035102e+00
1.551413049639426944e+01,1.551413049639426944e+01,1.551413049639426944e+01,1.394540596584735859e+01,1.394540596584735859e+01,2.801305071500197030e+00,2.801305071500197030e+00,2.801305071500197030e+00,2.801305071500197030e+00,2.801305071500197030e+00,2.801305071500197030e+00,2.801305071500197030e+00,2.801305071500197030e+00,2.801305071500197030e+00,2.801305071500197030e+00,2.801305071500197030e+00,2.801305071500197030e+00,2.801305071500197030e+00,2.801305071500197030e+00,2.801305071500197030e+00,2.801305071500197030e+00
2.532226537349921536e+00,2.532226537349921536e+00,2.532226537349921536e+00,2.532226537349921536e+00,2.532226537349921536e+00,2.532226537349921536e+00,2.532226537349921536e+00,2.532226537349921536e+00,2.532226537349921536e+00,2.532226537349921536e+00,2.532226537349921536e+00,2.532226537349921536e+00,2.532226537349921536e+00,2.532226537349921536e+00,2.532226537349921536e+00,2.532226537349921536e+00,2.532226537349921536e+00,2.532226537349921536e+00,2.532226537349921536e+00,2.532226537349921536e+00,2.532226537349921536e+00
2.499512007542088909e+00,2.499512007542088909e+00,2.499512007542088909e+00,2.499512007542088909e+00,2.499512007542088909e+00,2.499512007542088909e+00,2.499512007542088909e+00,2.499512007542088909e+00,2.499512007542088909e+00,2.499512007542088909e+00,2.499512007542088909e+00,2.499512007542088909e+00,2.478213594221269744e+00,2.478213594221269744e+00,2.478213594221269744e+00,2.478213594221269744e+00,2.478213594221269744e+00,2.478213594221269744e+00,2.478213594221269744e+00,2.478213594221269744e+00,2.478213594221269744e+00
5.865096455221217031e-01,5.865096455221217031e-01,5.865096455221217031e-01,5.865096455221217031e-01,5.865096455221217031e-01,5.865096455221217031e-01,5.865096455221217031e-01,5.865096455221217031e-01,5.865096455221217031e-01,5.865096455221217031e-01,5.865096455221217031e-01,5.865096455221217031e-01,5.865096455221217031e-01,5.865096455221217031e-01,5.865096455221217031e-01,5.865096455221217031e-01,5.865096455221217031e-01,5.865096455221217031e-01,5.865096455221217031e-01,5.865096455221217031e-01,5.865096455221217031e-01
1.028825199428522907e+01,1.028825199428522907e+01,7.484148487438552877e+00,7.484148487438552877e+00,7.484148487438552877e+00,7.484148487438552877e+00,7.484148487438552877e+00,2.454420095510113420e+00,2.454420095510113420e+00,2.454420095510113420e+00,2.454420095510113420e+00,2.454420095510113420e+00,7.018305654217971146e-01,7.018305654217971146e-01,7.018305654217971146e-01,7.018305654217971146e-01,7.018305654217971146e-01,7.018305654217971146e-01,7.018305654217971146e-01,7.018305654217971146e-01,7.018305654217971146e-01
1.511124584903027213e+01,1.511124584903027213e+01,2.644562797017560474e+00,2.644562797017560474e+00,2.644562797017560474e+00,2.644562797017560474e+00,2.644562797017560474e+00,2.644562797017560474e+00,1.489460169415059765e+00,1.489460169415059765e+00,1.489460169415059765e+00,1.489460169415059765e+00,1.489460169415059765e+00,1.489460169415059765e+00,1.489460169415059765e+00,1.489460169415059765e+00,1.489460169415059765e+00,1.489460169415059765e+00,1.489460169415059765e+00,1.489460169415059765e+00,1.489460169415059765e+00
2.380412606450262647e+00,2.380412606450262647e+00,2.380412606450262647e+00,2.380412606450262647e+00,2.380412606450262647e+00,2.380412606450262647e+00,2.380412606450262647e+00,2.380412606450262647e+00,2.380412606450262647e+00,2.380412606450262647e+00,2.380412606450262647e+00,2.380412606450262647e+00,2.380412606450262647e+00,2.380412606450262647e+00,2.380412606450262647e+00,2.380412606450262647e+00,2.380412606450262647e+00,2.380412606450262647e+00,9.225602014619896374e-02,9.225602014619896374e-02,9.225602014619896374e-02
2.708285230052538495e+01,2.708285230052538495e+01,1.970946883623430290e+00,1.970946883623430290e+00,1.326592115694160690e+00,1.326592115694160690e+00,1.326592115694160690e+00,1.326592115694160690e+00,1.326592115694160690e+00,1.326592115694160690e+00,1.326592115694160690e+00,1.326592115694160690e+00,1.326592115694160690e+00,1.326592115694160690e+00,1.326592115694160690e+00,1.326592115694160690e+00,1.326592115694160690e+00,1.326592115694160690e+00,1.326592115694160690e+00,1.326592115694160690e+00,1.326592115694160690e+00
1.251566680872103809e+01,1.251566680872103809e+01,1.251566680872103809e+01,1.251566680872103809e+01,1.251566680872103809e+01,5.156728568702365401e+00,5.138513106056722179e+00,5.138513106056722179e+00,1.964804303700048160e-01,1.964804303700048160e-01,1.964804303700048160e-01,1.964804303700048160e-01,1.964804303700048160e-01,1.964804303700048160e-01,1.964804303700048160e-01,1.964804303700048160e-01,1.964804303700048160e-01,1.964804303700048160e-01,1.964804303700048160e-01,1.964804303700048160e-01,1.964804303700048160e-01
6.561466345229590047e+00,6.561466345229590047e+00,6.561466345229590047e+00,6.561466345229590047e+00,6.561466345229590047e+00,6.561466345229590047e+00,6.561466345229590047e+00,6.561466345229590047e+00,6.561466345229590047e+00,6.561466345229590047e+00,6.561466345229590047e+00,6.561466345229590047e+00,6.561466345229590047e+00,6.561466345229590047e+00,2.660564982922934973e+00,2.660564982922934973e+00,2.660564982922934973e+00,2.660564982922934973e+00,2.660564982922934973e+00,2.660564982922934973e+00,2.660564982922934973e+00
6.877875001534549781e+00,6.877875001534549781e+00,6.665022882061837350e+00,6.665022882061837350e+00,6.665022882061837350e+00,6.665022882061837350e+00,6.665022882061837350e+00,6.665022882061837350e+00,6.665022882061837350e+00,6.665022882061837350e+00,6.665022882061837350e+00,6.665022882061837350e+00,6.665022882061837350e+00,4.507399422866292582e+00,4.507399422866292582e+00,4.507399422866292582e+00,4.507399422866292582e+00,4.507399422866292582e+00,4.507399422866292582e+00,4.507399422866292582e+00,4.507399422866292582e+00
5.986996864018441222e-01,5.986996864018441222e-01,5.986996864018441222e-01,5.986996864018441222e-01,5.986996864018441222e-01,5.986996864018441222e-01,5.986996864018441222e-01,5.986996864018441222e-01,5.986996864018441222e-01,5.986996864018441222e-01,5.986996864018441222e-01,5.986996864018441222e-01,5.986996864018441222e-01,5.986996864018441222e-01,5.986996864018441222e-01,5.986996864018441222e-01,5.986996864018441222e-01,5.986996864018441222e-01,5.986996864018441222e-01,5.986996864018441222e-01,5.986996864018441222e-01
1.709089993163834009e+01,9.532958317436337481e-01,9.532958317436337481e-01,9.532958317436337481e-01,9.532958317436337481e-01,9.532958317436337481e-01,9.532958317436337481e-01,9.532958317436337481e-01,9.532958317436337481e-01,7.129957549759307067e-01,7.129957549759307067e-01,7.129957549759307067e-01,7.129957549759307067e-01,7.129957549759307067e-01,7.129957549759307067e-01,7.129957549759307067e-01,7.129957549759307067e-01,7.129957549759307067e-01,7.129957549759307067e-01,7.129957549759307067e-01,7.129957549759307067e-01
1.270306684876325498e+01,1.033809745297700822e+01,4.637061914228887138e-01,4.637061914228887138e-01,4.637061914228887138e-01,4.637061914228887138e-01,4.637061914228887138e-01,4.637061914228887138e-01,4.637061914228887138e-01,4.637061914228887138e-01,4.637061914228887138e-01,4.637061914228887138e-01,4.637061914228887138e-01,1.032249473319034050e-01,1.032249473319034050e-01,1.032249473319034050e-01,1.032249473319034050e-01,1.032249473319034050e-01,1.032249473319034050e-01,1.032249473319034050e-01,1.032249473319034050e-01
1.344761826701116325e+00,1.344761826701116325e+00,1.344761826701116325e+00,1.344761826701116325e+00,1.344761826701116325e+00,1.344761826701116325e+00,1.344761826701116325e+00,1.344761826701116325e+00,1.344761826701116325e+00,1.344761826701116325e+00,1.344761826701116325e+00,1.344761826701116325e+00,1.344761826701116325e+00,1.344761826701116325e+00,1.344761826701116325e+00,1.344761826701116325e+00,1.344761826701116325e+00,1.344761826701116325e+00,1.344761826701116325e+00,1.344761826701116325e+00,1.344761826701116325e+00
