1.918465388336172694e-01,5.306762230117324508e-01,2.010654107543181079e-01,3.066046804689063210e-01,5.963198367292302793e-01,1.000022119920081609e+00,8.519192586375503584e-01,6.671789763301572140e-01,6.359989902332190415e-01,5.029024034784947972e-01,4.044167519441241865e-01,6.013250625865520504e-01,1.661699853446190478e-01,7.802408984234061595e-01,8.651763181966357630e-01,9.653757505596851640e-01,6.348106029402644790e-01,8.492089158979821972e-01,4.385026903690210087e-01,5.833212122709321434e-01
3.104250939290242317e-01,5.783295819301634832e-01,2.825140178565125337e-01,4.751730096195050934e-01,1.434507638493922044e-01,9.965759645810904344e-01,6.205800780853386600e-01,4.507980878510153278e-01,8.632183889529640997e-01,7.296570730514836400e-01,6.137880716499819478e-01,5.195814616167330202e-01,1.292907595221652328e-01,5.680107365288603605e-01,6.478602027766564575e-01,1.510224001939099725e-01,8.569049918000245514e-01,4.572327624732065998e-01,4.007541850921253479e-01,1.559783872614980138e-01
2.864671675092672620e-01,1.640970108225361102e-01,7.196611596438192704e-01,6.790842542038109109e-01,2.891021702646235925e-01,2.409637964206399752e-01,2.835743968234786805e-01,5.654731638566715679e-01,4.347682304716169455e-01,1.525589995187550674e-01,2.560887835936710433e-01,7.723348284399382813e-01,4.824961153958812754e-01,4.198725480851601133e-01,3.496908007705567534e-01,4.879415542245736925e-01,5.658181384407663383e-01,4.365215302656735297e-01,5.049390475432627978e-01,3.296328015744930395e-01
1.628805729002469685e-02,7.292473647377466506e-01,4.932900457689606277e-01,3.423633955659680650e-01,3.062177407848249988e-01,4.964692566119861539e-01,5.922138429631786938e-01,2.314366584444767783e-01,4.896346574225999837e-01,4.847380151068716447e-01,3.070932286886692841e-01,5.508339878797227085e-01,9.851987568227822401e-01,6.127319499362481325e-01,5.679793595983879673e-01,9.316242498446003495e-01,8.214373051338559328e-01,5.810884535390381522e-01,4.095087960813948436e-01,7.190141682695595504e-01
2.814658521492289234e-01,6.656729399378055190e-01,4.721307440962080881e-01,2.104656097878412069e-01,7.750875218225249386e-01,1.954719237829901368e-01,3.713127523506179473e-01,7.231323403736571453e-01,4.437679099334380650e-01,6.171197164585702222e-01,1.391109846200220823e-01,4.089244845533884787e-01,3.879594591575644125e-01,9.797123196684823787e-01,2.803872196172755293e-01,3.574915579533917143e-01,4.703824487596042214e-01,7.517745486546231204e-01,6.270809601133849887e-01,5.554602922894443795e-01
1.708017066993207933e-01,3.317757869962658090e-01,1.417982154908991044e-01,3.670789407472589416e-01,4.313990804346480856e-01,1.032868633290307869e+00,9.147525607621244115e-01,7.611807315815137809e-01,5.056444330476027593e-01,6.061143877727074303e-01,9.190746829096946291e-01,2.526881588677627466e-01,1.816579475215493455e-01,5.878328373073548052e-01,5.456232850470552620e-01,4.459149638157854922e-01,1.292538586881888107e-01,7.147785089624444366e-01,2.606927286688544565e-01,1.992438240430826346e-01
1.975655827512407259e-01,5.795179428249243037e-01,6.573602140971680496e-01,4.616806178100190672e-01,1.189766537510187766e-01,2.144800314397044827e-01,4.343364957607702692e-01,7.224182863192800674e-01,6.704491698261267896e-01,1.241836638300458512e-01,3.695053757119037829e-01,4.449360300203736851e-01,3.579320214897077634e-01,3.153153900342746674e-01,2.029163615882116911e-01,3.779562179188415416e-01,5.629547451520195978e-01,6.916806008415864460e-01,4.870636617751189501e-01,9.331758801014846672e-01
6.405432982070231596e-01,4.476287232466862331e-01,2.247309908320751781e-01,6.697214230656924894e-01,3.504930380999884965e-01,2.049313241387375195e-01,3.093625674543962201e-01,3.503611411924444918e-01,6.632270920334105702e-01,3.569119275230292487e-01,5.493686651535539811e-01,9.563581880788823986e-02,2.553666674769832223e-01,6.497837637607556394e-01,2.757594515460710660e-01,5.475664786310120435e-01,4.077299594726814247e-01,5.176922696484256292e-01,3.778061045476354129e-01,3.520732933744925020e-01
4.490397531153777488e-01,7.529324360488518497e-01,7.374739725177320571e-01,6.268788742157443972e-01,3.108518706269707277e-01,1.594371589452875382e-01,7.543814084276438958e-01,5.850327635191262532e-01,7.489788014354765711e-01,1.651370705103031855e-01,2.696008659606771718e-01,2.432831955881496200e-01,6.095603020158024687e-01,7.347294768981000868e-01,8.839855671852907548e-01,5.715728556353689704e-01,3.979530851219095777e-01,3.038116970581609122e-01,5.642921486265400910e-01,5.103189332936507450e-01
2.453852404919236452e-01,2.061392306069484981e-01,5.209791559963444785e-01,7.281994989403020035e-01,3.596247973700670286e-01,2.282688506542502327e-01,7.086227120318548955e-01,2.171146159499075523e-01,4.717123938127706362e-01,1.828851955136668594e-01,5.140104933333048409e-01,1.242029962605654264e-01,3.022967481123277067e-01,7.586736148424629844e-01,6.704013356981484151e-01,4.045953766831384413e-01,1.795854059254315127e-01,1.569058443998406216e-01,2.708979740791627733e-01,2.462896212841055310e-01
6.951193929312405873e-01,2.868660649725944811e-01,2.260914246460097032e-01,5.533017293370423584e-01,2.213285025027616759e-01,4.525489578291707060e-01,3.270516255810870243e-01,7.799030812507150578e-01,2.317735761926274229e-01,3.637669296358744808e-01,5.454244999534396676e-01,1.648013047063965064e-01,7.468409368282273864e-01,7.794417195648069008e-01,9.180283545003322665e-01,3.935745366213881380e-01,1.080199498965442179e-01,6.499234751348524908e-01,9.888892791149358485e-01,8.830454839702208680e-01
2.778807509329574432e-01,7.213970817108795730e-01,3.241993421983628276e-01,5.316059498513426851e-01,2.110844616169613719e-01,5.590167597072761563e-01,5.264053874029249736e-01,1.908217699759141017e-01,4.626836904685955876e-01,1.606993745512916849e-01,5.785515608941498300e-01,8.568947778110863611e-01,2.594867874047638301e-01,2.926436560139413223e-01,7.968088327990664466e-01,4.581500303986643097e-01,2.591333811768269935e-01,1.481187732343644814e-01,9.955887387541997868e-02,7.381102457614341361e-01
4.226363389478922095e-01,1.553151811186279097e-01,2.765962408891307067e-01,5.232187455022671019e-01,8.581196697889601488e-01,7.700421004975854800e-01,4.059490286755307875e-01,1.481992463192659260e-01,2.098392002030235737e-01,5.588999330067927485e-01,1.999486940295869264e-01,3.770534564243817055e-01,1.719073193115920051e-01,4.545169597257848193e-01,9.799279966908720496e-01,4.677374832537201099e-01,5.909465705001002434e-01,8.337750835115108616e-01,6.264506433132845942e-01,8.680144672988002741e-01
1.622313105141963419e-01,5.415139906869740338e-01,9.577497579890563439e-02,4.370707768553115935e-01,3.508433838093713564e-01,3.241229185969342064e-01,4.481705307767928637e-01,4.364539064495159826e-01,3.950075587041650405e-01,8.504072198335305144e-01,4.325200322829278465e-01,1.785456674893484419e-01,1.142203933078757977e-01,1.661046702671861164e-01,2.450061477507511631e-01,6.912500879630042450e-01,4.840592537485532421e-01,1.566037854890038883e-01,9.970446977595566196e-01,8.542153511723199477e-01
1.482185414647083921e-01,1.895661931293210478e-01,5.426816486776824267e-01,6.132732107906792018e-01,3.791709074873816920e-01,6.948277076302177280e-01,3.834438496319172995e-01,2.139261966848048369e-01,5.827981148062643113e-01,4.366505205621999952e-01,7.423470179611603159e-01,6.322551312877394691e-01,4.419236556534407723e-01,2.714034408877142868e-01,6.562542756988170023e-01,6.064210699710335106e-01,1.856041968557529953e-01,7.960582376189672127e-01,5.228271813034232052e-01,5.633720321126045594e-01
6.151199667607477606e-01,1.887825803567761418e-01,2.861612328712197506e-01,3.612773440514819301e-01,5.566857489066688869e-01,5.803822247646581722e-01,2.908510848916671665e-01,4.226059888598915348e-01,2.957455164020836857e-01,6.639345050127993808e-01,6.447176756808110643e-01,2.044641840551410517e-01,7.688290074917210060e-01,4.723812611213720758e-01,6.441570015433819574e-01,3.107922993559917857e-01,5.515387027470273207e-01,3.186453076761588954e-01,6.424816746403594347e-01,5.467456753718913376e-01
2.691789401545507943e-01,7.442135259492095312e-01,1.882818573599174816e-01,5.753363173496454097e-01,1.314604884510252314e-01,3.006549162257394214e-01,7.098192848156104073e-01,3.658823682519099507e-01,4.155085856986235338e-01,9.240015689514348152e-01,9.657948333405423635e-02,4.109393553429290247e-01,9.530005045885679982e-01,1.091623961583712665e+00,1.014004139241101443e+00,7.384516274068203545e-01,7.658801277429398979e-01,8.457816968408896630e-01,6.899234187339278179e-01,5.540485490891658982e-01
2.224303867433990445e-01,5.917564312143565042e-01,1.960603849350864569e-01,7.076333410642727806e-01,4.927265013061096766e-01,1.911332146837201595e-01,5.134041653414019857e-01,1.787241642717442291e-01,3.116855904262176846e-01,5.688977579355786185e-01,8.412059823696440564e-01,5.154436993413887835e-01,8.985713403290667145e-01,1.850385098322561706e-01,1.159873457240923278e+00,8.097780377717412881e-01,9.033650692237114033e-01,1.004219665319877386e+00,4.123721953378891580e-01,1.687078184907764844e-01
1.536414715828606226e-01,2.677359499096650941e-01,7.382017189441831828e-01,3.042611846196091596e-01,7.648589397954524971e-01,5.441415352053948773e-01,9.040550180249847800e-01,4.609557035360334898e-01,5.081361546760586601e-01,6.477514257342408266e-01,1.773108553669028031e-01,2.641902779162664250e-01,2.493453359538334302e-01,7.863080695765392036e-01,1.004516131239179710e+00,1.047920107407919854e+00,7.740189564603409123e-01,6.559499933004869776e-01,9.821719687299745871e-02,3.559041114344332346e-01
5.731816559638615027e-01,3.710975838239305435e-01,5.670994753241646036e-01,7.612992860984570953e-01,2.285259451249612161e-01,2.744457246924969507e-01,8.615283497964345560e-01,7.589722426053402415e-01,3.325652949449928175e-01,8.545883505194614704e-01,6.005044562235555272e-01,5.426429354367967584e-01,2.033433792477334356e-01,1.266272966428292901e-01,2.039352486075117488e-01,6.119142866864909491e-01,5.680659381986937762e-01,2.441760106988946910e-01,1.386466847625797694e-01,2.532970602727457332e-01
