9.111558306787227723e-02,7.373151966065798202e-02,8.403742175017475668e-02,5.466303386645602475e-02,6.025654786208557712e-02,5.308464366977926341e-01,5.546447938043018722e-01,7.959188333008246907e-01,4.175085445794163852e-01,6.889183133742813325e-01,1.917441678334597110e-02,3.848206071837794590e-02,3.142086839279350508e-01,7.216878391945730220e-01,5.261426565338477301e-01,3.191494084850976520e-01,1.954358804184726517e-01,2.796133283901928168e-01,2.953142034422386319e-01,2.251134480604810584e-01
2.695790855979817227e-02,3.913760639790357654e-02,1.551729284876149362e-01,7.602420753645254201e-03,4.662427417538135554e-02,4.310674641346547153e-02,2.730731089386864707e-01,1.774244584713242368e-01,2.219738401143300233e-01,4.539342685957876988e-02,6.978704567369435618e-02,3.149471162036915350e-02,1.455703323046905057e-02,5.869050624947455552e-02,2.663228111350582350e-02,7.742949965388547587e-03,2.174315484429526490e-01,2.095015468852373941e-01,2.947867792997325154e-01,9.660542692668909748e-01
2.412035029144282347e-02,2.422969966919919990e-02,1.127606474790352198e-01,8.833265097233851393e-02,6.060758341798041376e-02,9.101494023015170576e-02,8.730597905850010498e-01,4.122081310242291241e-02,1.709538596030292165e-02,9.146713475137492333e-01,7.641776530819611724e-01,3.646769667620022304e-01,5.511166466912656992e-01,5.270283907330732820e-01,6.566110618013584199e-01,2.115718530706975631e-01,4.608967971531690438e-03,2.343237815376222610e-01,5.249202422921336320e-01,3.908736037897226900e-01
3.695827249100375883e-02,3.537905788683573527e-02,8.577130565737311682e-03,1.018161887680451572e-01,1.293694525117615735e-01,6.556087928646731067e-02,3.382484788993468661e-02,6.012160027002184243e-02,2.472905182373374977e-02,1.947609330178240450e-02,3.953033498511275834e-01,8.184117121759705293e-01,2.523018709388534231e-01,2.231594969355686353e-01,5.799979188118208340e-01,5.167664942363172642e-01,7.533363360885642068e-01,6.666640136447883336e-01,5.009866708476676811e-01,3.416806614376285967e-01
3.012110396646126495e-02,5.831401812474652085e-02,9.559726738314996974e-03,9.941821518356215581e-03,3.649584281069624681e-02,1.843487552375404695e-02,1.043566961843133689e-01,9.206709904577682624e-02,8.385996892750404580e-03,4.588481940384823154e-01,3.391777458677000534e-02,1.536855939477871878e-02,2.815819527711444989e-02,7.409774809657676542e-02,2.537776739209602131e-02,5.582746493320273756e-02,1.494813466297202284e-02,9.843557686072740287e-02,2.630862743105941842e-02,4.146177975366641677e-01
2.756696411847937150e-02,6.165308454318999508e-03,5.296995361174935968e-03,3.178979166473264867e-02,7.063216622459922434e-02,2.802665428047366319e-02,8.799278188245904242e-02,3.541505584067601298e-01,8.506004329849072843e-01,4.405458259703107227e-01,6.124501678612884747e-01,4.580355833641528984e-01,5.897388963981868848e-01,4.763532598168780940e-01,5.535269778255631490e-01,4.746732122884512184e-01,5.010673416981004102e-01,9.003255403707870475e-01,7.324476582722243556e-01,7.289047156510518599e-01
7.372756057238463723e-02,2.204873861043219613e-02,4.450729096376015992e-02,2.941743460966416215e-02,5.196103959911136522e-02,2.385592553863879195e-01,1.005477599313807195e-02,3.066047806169220347e-01,3.173947869630064367e-01,3.745083009269515872e-01,3.395442432963399759e-01,3.892160765032167125e-01,3.716357260321110911e-01,8.353891605317971536e-02,3.342298915622591432e-02,3.373456349261316767e-02,2.967550031384517603e-02,5.207929820215507766e-01,6.000823131062837934e-01,4.903456156016762768e-01
6.702958360631128265e-02,3.558034228835306456e-02,6.131954613770695950e-02,6.888680559357213129e-02,6.451622858918248937e-02,5.930318487679386852e-02,2.448681566027211334e-02,5.666890989474276941e-02,2.635512213198498016e-02,1.269713790592231772e-01,3.710747427493041872e-01,4.715034242349119276e-01,4.970117842974176581e-01,8.406954875528979132e-01,9.456605353502089972e-01,6.545174742026378389e-01,9.996039907858343954e-01,3.766740737747873990e-01,1.677699322506286672e-01,4.555979697582138166e-01
4.690899512454412695e-02,6.612998807013460711e-02,9.271519066673741816e-02,2.507103651234484157e-02,5.782969512527313255e-02,2.611751016526965216e-02,1.356129610119807538e-01,2.973878068007413528e-02,2.068585572096154623e-01,2.281338595039023032e-01,3.073782296490952803e-01,3.384191908714370700e-01,6.748091353685177207e-01,5.324858378177622642e-01,5.583947902148908016e-01,7.849805226372169598e-01,9.587382246639105654e-01,1.865128284406191161e-01,6.807976450419812586e-01,3.854458485943790258e-01
3.175199181930540848e-02,3.873812575841890926e-02,6.943130462929149316e-02,1.226480273407637156e-01,5.831405538904176761e-02,3.741271207976472335e-02,6.933306748282729026e-02,3.657052221626104493e-02,1.560668794057487319e-01,1.348413065636329400e-01,2.108283375882646360e-01,1.714173812617237613e-01,1.742588017226641070e-02,3.411169579620708103e-01,4.845580650961187619e-01,5.606299253448185915e-01,7.874429879827813394e-01,6.929767980133266780e-01,5.759196500189937007e-01,5.889072153350976002e-01
5.804286963420882822e-02,3.926948059405915847e-02,5.741672382831748689e-02,2.663247809342250000e-02,6.946299863364352456e-02,8.312412614452213688e-01,4.306966812983564208e-01,2.417420806733604766e-01,6.078864270162251393e-02,5.617610829434048492e-02,3.472378069732714317e-02,4.912045910749478911e-02,7.271068191694925187e-02,2.491776765579599706e-01,3.502373655175778505e-02,7.966218543518616135e-01,5.296290587453674759e-01,8.472349681671489385e-01,5.726814396795762985e-01,6.445705871039738577e-01
5.856700761738905386e-02,2.427694466931239539e-02,2.551954636497759388e-02,3.973715853010854893e-02,4.521465300011533878e-02,4.941318692854402839e-01,1.718585452417735748e-01,2.924005891036451366e-01,4.836330546729851743e-01,4.463600505642151273e-01,1.410646839045341314e-02,7.730675625387125605e-01,5.601916567735878427e-01,4.010837571715252237e-01,5.221257195568709264e-01,6.957372713619197624e-01,9.505157815725693293e-01,4.378219278219402377e-01,6.491541877869024812e-01,4.004110369527558166e-01
2.170611645317310767e-02,2.954112152469222027e-02,5.547811306382754992e-01,3.625428761213358997e-02,1.536300711229309814e-02,1.852151984087881814e-02,4.108618586751318080e-01,1.261304530167385758e-02,4.273260992357588162e-01,4.346560710811467887e-01,3.865908458189106778e-01,2.704573440102972862e-02,3.567909600709847501e-02,3.301755923824881145e-02,5.121153299209554172e-02,3.456911683507087885e-01,1.125073306428874508e-02,8.513127005458243080e-02,1.182935097486527143e-01,8.815948961139884466e-01
4.725347170724378265e-02,4.080524742679009220e-02,5.622687732923182385e-02,8.051671230141208002e-02,5.761963353612834654e-02,8.956272670256426593e-01,7.270472377731909130e-01,5.326160331500093825e-01,2.610110366466637521e-01,8.062780789184277597e-02,3.493538657158068439e-02,6.032116399675586244e-02,2.776395587988838079e-02,2.958596552832297721e-01,1.444887677555389549e-01,1.297148322880307680e-01,1.969870183523767526e-01,3.880517964032921541e-02,2.259912192196995850e-01,7.092463116816680735e-01
6.462445303702897548e-02,4.491076193269129269e-02,1.880671345032506464e-02,1.643231451412254657e-02,1.662305233099248616e-02,4.809743205535282895e-02,6.208240674596259695e-02,5.808992090047657153e-02,8.013096582942480506e-02,5.594795122153436995e-02,2.540281560113403780e-01,5.129737546776143020e-01,5.329806281865143713e-01,3.348261030947383143e-02,8.213957708779352496e-01,7.456360883586446997e-01,5.032091369845926865e-01,2.489871657148671480e-01,2.382165318414622146e-01,2.470773042842999145e-01
4.880523159587839971e-02,5.167171674656903524e-02,6.080382282226261259e-02,8.458495197734970661e-02,4.779523440625404324e-02,4.299919438111148018e-02,3.075963351592470724e-02,7.707727201866123590e-01,6.241261073841828377e-01,4.653564393285911788e-02,2.379562258916315676e-01,4.862594781378834496e-01,5.028876238840161994e-01,3.209113147347741196e-02,2.155057096894286151e-01,5.903262407196602224e-01,8.078646699702056733e-01,8.012111594776705203e-01,5.001220221446931458e-01,3.896411111532497862e-01
4.526284560653798250e-02,1.199614546884080445e-02,1.024849293367236479e-02,3.385698051818619714e-02,1.179947431138743744e-02,4.506478183281314442e-01,4.617396666963740626e-01,5.802920739253957239e-01,4.952727945732830483e-01,5.167939945316862849e-01,5.494608011829066330e-01,1.158277821644004835e-01,9.103464043998445165e-02,6.944828879190829973e-02,2.453661870458916441e-02,2.004241524441936761e-02,9.170889100074998412e-02,1.702658893146906660e-01,2.275557765460715920e-01,2.541146628037875277e-01
8.013803947318419441e-02,6.488701194033522079e-02,6.769742279583138012e-02,3.213431436174896128e-02,7.769703296004909499e-02,8.828313163656364981e-02,5.187062991243787669e-02,4.942427844970344597e-01,7.662945160497149910e-01,2.483849938121146517e-02,4.283389538649915590e-02,2.689260733489958963e-02,5.856748321073038666e-01,2.489229959004976012e-01,4.182286806647866895e-01,6.235754058895294216e-01,7.663732876591005105e-01,4.745876902182409318e-01,2.536903943602110134e-01,5.603983510315667660e-01
5.707629693169297136e-02,2.413032534099237431e-02,8.430881697323969193e-02,1.130442422064597413e-01,6.795792048506849037e-02,7.521394207878950855e-01,5.697993428482132916e-02,8.584238984612002632e-01,5.034720598090515198e-01,7.352187117309968434e-01,1.474763694889665369e-02,5.222565552057372162e-01,2.205909124330081295e-02,2.402984996620702862e-01,2.557361172685326256e-01,2.445076907481256723e-01,1.679759806217172580e-01,2.005859623449069984e-01,1.260010763556543290e-01,1.692887806008155083e-01
5.206686720067667945e-02,8.049942689227033987e-02,5.318794283503157361e-02,4.483650286987860001e-02,7.019130887983072720e-01,1.460668205365819178e-02,7.975021551733775527e-02,3.129954053723257301e-01,5.912816686381452413e-01,3.895954363065807780e-01,9.513576260413483254e-01,7.550938162531528608e-01,4.850296209113603152e-01,1.262899721357918850e-02,4.111298840892045892e-01,8.634790274016057934e-03,8.562487406483618724e-01,2.163448004575482253e-01,6.374099080685933227e-01,3.458628686148530473e-01
