3.545196855107315415e+00,3.545196855107315415e+00,3.545196855107315415e+00,2.050582743142309816e+00,2.050582743142309816e+00,2.050582743142309816e+00,2.050582743142309816e+00,2.050582743142309816e+00,6.792146331824575611e-01,6.792146331824575611e-01,6.792146331824575611e-01,6.792146331824575611e-01,6.792146331824575611e-01,6.792146331824575611e-01,6.792146331824575611e-01,6.792146331824575611e-01,6.792146331824575611e-01,6.792146331824575611e-01,6.792146331824575611e-01,6.792146331824575611e-01,6.792146331824575611e-01
9.746850357467707227e+00,3.791496771460047377e+00,3.791496771460047377e+00,3.791496771460047377e+00,3.791496771460047377e+00,3.791496771460047377e+00,2.246565957062931496e+00,2.246565957062931496e+00,2.246565957062931496e+00,2.246565957062931496e+00,2.246565957062931496e+00,2.246565957062931496e+00,2.246565957062931496e+00,2.230137429717387931e+00,4.340134990996542541e-01,4.340134990996542541e-01,4.340134990996542541e-01,4.340134990996542541e-01,4.340134990996542541e-01,4.340134990996542541e-01,4.340134990996542541e-01
7.693125871351418787e+00,7.693125871351418787e+00,7.693125871351418787e+00,7.693125871351418787e+00,7.693125871351418787e+00,2.083393228390267637e+00,2.083393228390267637e+00,2.083393228390267637e+00,2.083393228390267637e+00,2.083393228390267637e+00,2.083393228390267637e+00,7.199876065529871028e-01,7.199876065529871028e-01,7.199876065529871028e-01,7.199876065529871028e-01,7.199876065529871028e-01,7.199876065529871028e-01,7.199876065529871028e-01,7.199876065529871028e-01,5.562380880345223488e-01,5.562380880345223488e-01
5.094302375041932507e+00,5.094302375041932507e+00,6.335140981799529669e-01,6.335140981799529669e-01,6.335140981799529669e-01,6.335140981799529669e-01,6.335140981799529669e-01,6.335140981799529669e-01,6.335140981799529669e-01,6.335140981799529669e-01,6.335140981799529669e-01,6.335140981799529669e-01,6.335140981799529669e-01,6.335140981799529669e-01,6.335140981799529669e-01,6.335140981799529669e-01,6.335140981799529669e-01,6.335140981799529669e-01,6.335140981799529669e-01,6.335140981799529669e-01,6.335140981799529669e-01
8.843966319397878806e+00,8.843966319397878806e+00,8.843966319397878806e+00,2.368311639777108013e+00,2.368311639777108013e+00,2.368311639777108013e+00,2.368311639777108013e+00,2.368311639777108013e+00,2.368311639777108013e+00,1.989475634130936754e+00,1.989475634130936754e+00,1.989475634130936754e+00,4.798908013125906535e-01,4.798908013125906535e-01,4.798908013125906535e-01,4.798908013125906535e-01,4.103437203480151396e-01,4.103437203480151396e-01,4.103437203480151396e-01,4.103437203480151396e-01,4.103437203480151396e-01
6.166339592124312929e+00,5.747417158771123802e+00,5.105762949421451147e+00,5.105762949421451147e+00,5.105762949421451147e+00,5.105762949421451147e+00,3.211306396176852651e+00,2.016113947470260293e+00,2.016113947470260293e+00,2.016113947470260293e+00,4.266689314611955552e-01,4.266689314611955552e-01,4.266689314611955552e-01,4.266689314611955552e-01,4.266689314611955552e-01,4.266689314611955552e-01,4.266689314611955552e-01,4.266689314611955552e-01,4.266689314611955552e-01,4.266689314611955552e-01,4.266689314611955552e-01
1.463105973244504909e+01,5.084853629709590095e+00,5.084853629709590095e+00,4.596511369998363961e-01,4.596511369998363961e-01,4.596511369998363961e-01,4.596511369998363961e-01,4.596511369998363961e-01,4.596511369998363961e-01,4.596511369998363961e-01,4.596511369998363961e-01,4.596511369998363961e-01,4.596511369998363961e-01,4.596511369998363961e-01,4.596511369998363961e-01,4.596511369998363961e-01,4.596511369998363961e-01,4.596511369998363961e-01,4.596511369998363961e-01,4.596511369998363961e-01,4.083415727495101066e-01
2.087576548445779778e+00,2.087576548445779778e+00,1.388930393054989665e+00,1.388930393054989665e+00,1.388930393054989665e+00,1.388930393054989665e+00,1.388930393054989665e+00,1.388930393054989665e+00,1.388930393054989665e+00,1.388930393054989665e+00,1.388930393054989665e+00,1.388930393054989665e+00,1.388930393054989665e+00,1.388930393054989665e+00,7.277402240437567116e-01,7.277402240437567116e-01,7.277402240437567116e-01,7.277402240437567116e-01,7.277402240437567116e-01,7.277402240437567116e-01,7.277402240437567116e-01
1.094298286285527055e+00,1.094298286285527055e+00,1.094298286285527055e+00,1.094298286285527055e+00,1.094298286285527055e+00,1.094298286285527055e+00,1.094298286285527055e+00,1.094298286285527055e+00,1.094298286285527055e+00,1.094298286285527055e+00,9.536860915635063662e-01,9.536860915635063662e-01,9.536860915635063662e-01,9.536860915635063662e-01,9.536860915635063662e-01,9.536860915635063662e-01,9.536860915635063662e-01,7.568219152304820341e-01,7.568219152304820341e-01,4.471333609639422946e-01,4.471333609639422946e-01
1.686375184037311570e+00,1.686375184037311570e+00,1.686375184037311570e+00,1.686375184037311570e+00,1.686375184037311570e+00,1.686375184037311570e+00,1.686375184037311570e+00,1.686375184037311570e+00,1.686375184037311570e+00,1.686375184037311570e+00,1.686375184037311570e+00,1.686375184037311570e+00,1.686375184037311570e+00,1.686375184037311570e+00,1.686375184037311570e+00,1.686375184037311570e+00,1.686375184037311570e+00,1.686375184037311570e+00,4.524202077779158060e-01,4.524202077779158060e-01,4.524202077779158060e-01
5.604303918368117365e+00,5.604303918368117365e+00,5.604303918368117365e+00,5.604303918368117365e+00,3.976595361065348833e+00,3.976595361065348833e+00,2.790291230829534896e+00,1.944115945488695374e+00,1.944115945488695374e+00,7.253340442215936434e-01,7.253340442215936434e-01,5.297922441262450377e-01,5.297922441262450377e-01,5.297922441262450377e-01,5.297922441262450377e-01,5.297922441262450377e-01,5.297922441262450377e-01,5.208173116600889330e-01,4.177110128127594635e-01,4.177110128127594635e-01,4.155861393102675549e-01
5.101854702066825453e+00,3.856063349775558535e+00,3.856063349775558535e+00,3.856063349775558535e+00,3.856063349775558535e+00,3.856063349775558535e+00,3.856063349775558535e+00,3.856063349775558535e+00,3.856063349775558535e+00,1.726756848894652308e+00,1.726756848894652308e+00,7.135304637095885028e-01,7.135304637095885028e-01,7.135304637095885028e-01,7.135304637095885028e-01,7.135304637095885028e-01,7.135304637095885028e-01,7.135304637095885028e-01,7.135304637095885028e-01,7.135304637095885028e-01,7.135304637095885028e-01
2.061964464423118315e+01,1.901390908831778503e+01,1.096088903565150474e+01,1.096088903565150474e+01,1.096088903565150474e+01,2.222671009881199922e+00,2.222671009881199922e+00,2.222671009881199922e+00,9.168783027729130453e-01,9.168783027729130453e-01,9.168783027729130453e-01,4.896696790291645840e-01,4.680642153194423116e-01,4.680642153194423116e-01,4.680642153194423116e-01,4.647989856632275263e-01,4.549247086047927269e-01,4.549247086047927269e-01,4.549247086047927269e-01,4.549247086047927269e-01,4.549247086047927269e-01
8.005729131539522925e+00,8.005729131539522925e+00,8.005729131539522925e+00,8.005729131539522925e+00,8.005729131539522925e+00,2.186449869870466856e+00,2.186449869870466856e+00,2.186449869870466856e+00,2.186449869870466856e+00,2.186449869870466856e+00,2.186449869870466856e+00,2.186449869870466856e+00,2.186449869870466856e+00,2.186449869870466856e+00,2.186449869870466856e+00,2.186449869870466856e+00,9.445157740849481343e-01,9.445157740849481343e-01,7.038935288207426311e-01,5.654135204599572972e-01,5.654135204599572972e-01
1.746895377936693805e+00,1.746895377936693805e+00,1.746895377936693805e+00,1.746895377936693805e+00,1.746895377936693805e+00,1.746895377936693805e+00,1.746895377936693805e+00,1.746895377936693805e+00,1.746895377936693805e+00,1.746895377936693805e+00,1.746895377936693805e+00,1.746895377936693805e+00,1.746895377936693805e+00,1.091781297862265632e+00,1.091781297862265632e+00,1.091781297862265632e+00,1.091781297862265632e+00,1.091781297862265632e+00,1.091781297862265632e+00,4.163899913927355811e-01,4.163899913927355811e-01
4.827708080693826176e+00,4.827708080693826176e+00,4.827708080693826176e+00,4.827708080693826176e+00,2.121424927220548540e+00,6.905672221366838670e-01,6.905672221366838670e-01,6.905672221366838670e-01,6.905672221366838670e-01,6.905672221366838670e-01,6.905672221366838670e-01,6.905672221366838670e-01,5.273967325229573788e-01,4.317539340184115559e-01,4.317539340184115559e-01,4.317539340184115559e-01,4.317539340184115559e-01,4.317539340184115559e-01,4.317539340184115559e-01,4.317539340184115559e-01,4.317539340184115559e-01
3.557262108599126726e+00,3.557262108599126726e+00,1.966930072371697591e+00,1.966930072371697591e+00,1.966930072371697591e+00,1.966930072371697591e+00,1.966930072371697591e+00,1.966930072371697591e+00,1.966930072371697591e+00,1.966930072371697591e+00,1.966930072371697591e+00,1.966930072371697591e+00,1.966930072371697591e+00,1.966930072371697591e+00,1.966930072371697591e+00,1.966930072371697591e+00,1.966930072371697591e+00,1.966930072371697591e+00,1.966930072371697591e+00,1.966930072371697591e+00,1.966930072371697591e+00
4.992503075044600891e+00,4.992503075044600891e+00,4.992503075044600891e+00,4.992503075044600891e+00,4.304188255522265472e+00,4.304188255522265472e+00,4.304188255522265472e+00,4.304188255522265472e+00,1.313103889111198797e+00,1.313103889111198797e+00,1.313103889111198797e+00,1.313103889111198797e+00,1.313103889111198797e+00,1.313103889111198797e+00,1.313103889111198797e+00,5.052506278911543802e-01,5.052506278911543802e-01,5.052506278911543802e-01,5.052506278911543802e-01,5.052506278911543802e-01,5.052506278911543802e-01
4.858243836947121252e+00,4.858243836947121252e+00,4.858243836947121252e+00,4.858243836947121252e+00,4.858243836947121252e+00,4.858243836947121252e+00,3.581833761423441231e+00,1.961480179153499037e+00,1.961480179153499037e+00,1.961480179153499037e+00,1.961480179153499037e+00,1.961480179153499037e+00,1.961480179153499037e+00,1.961480179153499037e+00,6.882187024771972972e-01,6.882187024771972972e-01,4.510980440034231265e-01,4.510980440034231265e-01,4.508638729709151249e-01,4.508638729709151249e-01,4.508638729709151249e-01
1.237863797389685772e+00,1.237863797389685772e+00,1.237863797389685772e+00,1.237863797389685772e+00,1.237863797389685772e+00,1.237863797389685772e+00,1.237863797389685772e+00,1.237863797389685772e+00,1.237863797389685772e+00,1.237863797389685772e+00,1.237863797389685772e+00,1.237863797389685772e+00,1.237863797389685772e+00,1.237863797389685772e+00,1.237863797389685772e+00,1.237863797389685772e+00,1.237863797389685772e+00,1.237863797389685772e+00,1.237863797389685772e+00,1.237863797389685772e+00,1.237863797389685772e+00
