1.600651213992854427e-01,1.850088274855308246e-01,8.829382124824231015e-02,7.501144219938694901e-02,1.561756596060609736e-01,8.212120028437626118e-01,4.793605687038376417e-01,5.190834590177799690e-01,4.862365445318866247e-02,4.842414466672004814e-01,8.519852868650900080e-01,1.000495707234211995e+00,3.753222136395783504e-01,1.479468584551977585e-02,1.813506806893232888e-03,5.481693874673103650e-01,4.695348982047423680e-01,5.523311657229713727e-03,1.828621842592942012e-02,6.463452369987374713e-01
8.837260080392302097e-02,2.454236335522833323e-01,1.485068317514397773e-01,6.464434930706416949e-02,6.222286391641174141e-02,1.145263933348565910e+00,5.891903377248532969e-01,2.954216641022971990e-01,5.055415005235184278e-01,5.408951423314485307e-01,4.442696117170858439e-01,5.332758238117341065e-02,5.644359848267362922e-01,2.541130002913562919e-02,1.017980852757943921e+00,1.195485288136672652e+00,1.096906301310646148e+00,1.271056431860396074e+00,2.584179055254961707e-02,2.841377784185993849e-01
6.449109251358745576e-01,8.760615334892959405e-01,8.642101867527715031e-01,9.600960831032205600e-02,1.058541154440564958e+00,6.148641228911332773e-02,3.452198811579236526e-02,2.667040662363374601e-02,3.351249875658370708e-02,2.728916946749525563e-01,9.815003265547687095e-01,5.970883495499387100e-02,4.544193013619510918e-02,3.173614624134404177e-02,9.858373489512917143e-01,8.980502796627605200e-01,8.214129056187793321e-01,6.312671051329119543e-01,7.903379842511881748e-01,2.606388968276977108e-02
4.762815605703172861e-01,1.596674521250931733e-01,9.587234147900277614e-01,1.481603300893586661e-01,8.018694512142794384e-01,6.425397589812188726e-02,5.493091051981405237e-02,5.509251646503051658e-01,3.424713678618909740e-02,9.772056494440850560e-01,9.304261717379590513e-01,2.640421844144233421e-02,3.085889775805361612e-02,4.767588304035760283e-01,4.293107237619541577e-02,2.853077200641302436e-01,1.267728434024004480e+00,6.604130458703078022e-01,5.131925618166304215e-01,4.085479450035907067e-01
4.788397498407995223e-03,1.879318362708181922e-01,7.027511976143182952e-03,8.946638822471662811e-02,8.653742789453297557e-02,9.980394157949539213e-01,8.533863357074775724e-01,4.171246921496926663e-02,7.866937234035810134e-01,5.764569751709207601e-01,6.061598124775414709e-01,4.790648774196582527e-01,4.522635463141366774e-01,2.474274486277536905e-02,4.162501797201251241e-02,3.845881546296830433e-01,3.665245964523884958e-01,4.490283117798177237e-01,3.400818639055139814e-01,2.913498766709367027e-01
1.251951791881017184e-01,1.027444888152061475e-01,3.074885096466125484e-02,4.325126189464320592e-02,1.074471428799766537e+00,5.119573155621626181e-01,4.565053654862986643e-01,4.531332079038216665e-01,5.569551351566329744e-01,5.021497965339848796e-02,3.050275623359259211e-02,8.203392483067738494e-01,1.001198001498147638e+00,2.312145134944704750e-01,9.103174307538014487e-01,4.031795082861010932e-02,7.197293246084421892e-01,4.858297620362801994e-01,4.450211935596565804e-01,8.054311465625170127e-03
4.135849258201371170e-02,3.601199278399314085e-01,1.049761042712485798e-01,1.146055006812108035e+00,6.023491224883925632e-02,4.401410189707584131e-01,6.724241330237296088e-02,4.028114093955821595e-02,4.377966928353803355e-02,4.524913124940457831e-02,4.490435386898309900e-01,8.064427566965999272e-01,8.742465703293745838e-01,4.421622583525393613e-01,5.517373767220364877e-01,2.210747840405942466e-02,5.590807786624837350e-01,6.193238492159975905e-01,4.060674090300918082e-01,5.289298014855073893e-01
1.254335604291504092e-01,1.010406011941957991e-02,7.821082070217781623e-02,5.172795842060332050e-02,1.295845811426219463e-01,1.116081550117114629e+00,1.197442843890974329e+00,1.529808284402159047e-01,1.147604326840353517e-01,1.018501937437143123e+00,9.425820309776976325e-02,9.637860254429844176e-01,1.761844725256780236e-02,9.374894217254305939e-01,7.890855581005080666e-01,8.258496711775870081e-01,7.899530386974644713e-01,1.284051778997697714e-02,6.778822384770152309e-01,9.294422006904144995e-01
2.109845851752745194e-01,8.764348097801468729e-01,5.800232924966936682e-02,4.392463499696550033e-02,2.888803689689219134e-02,1.959114742995473474e-02,3.815515996178796970e-02,1.303441310158081901e-01,1.145109774786376322e+00,1.105855225927226737e+00,1.081575340723580636e+00,1.057715745248273720e+00,1.093398362670578328e+00,1.068625115463094355e+00,1.080402508813208318e+00,1.045813209814284050e+00,8.327481165747684100e-03,9.258237041879585627e-01,3.628395954574237248e-01,7.680290049435249955e-01
3.227630511985468131e-01,1.276932588535916735e-01,4.664450484953541060e-02,4.091402060121425432e-02,4.138198896426851375e-02,5.597021615917341375e-02,2.957300997214374477e-02,4.503370824572988651e-01,5.390760481105070223e-01,4.784045797810095313e-01,1.001971750266365202e+00,6.316571232252893298e-01,1.855597830655004721e-01,4.590709976878252219e-01,4.021382111539170690e-01,9.007128246469691124e-01,2.133053375847583297e-02,7.309644069393709254e-01,8.892021317135074820e-01,6.096247909612125815e-01
1.643000512546969882e-01,8.415344956362059980e-02,8.374829455083659946e-02,5.374249054794634217e-01,7.532472717280852548e-02,3.231214595275591628e-02,3.861203625983664622e-01,2.689171609256247805e-02,6.255114722680699124e-01,4.715609769155310049e-01,4.987215917138124732e-01,9.528095019369215990e-01,9.220643960234446990e-01,2.074644399514254112e-01,4.819130940994900691e-01,4.756073052926126365e-01,4.777271606435998241e-02,8.530760725652594134e-01,8.688942206295213744e-01,5.781077891625047149e-01
1.723288119629934612e-01,1.443884533196547748e-01,1.167549599504714153e-01,9.540369989953174923e-02,8.101015462732079342e-02,7.400164169183889307e-01,6.244943954015027554e-01,8.591439271106452447e-01,9.871150911842159204e-01,1.253409857514009129e+00,1.123596612702382647e+00,8.201958612879290955e-01,2.187416413741873761e-02,3.698842771552508096e-02,1.574488117208281551e-02,5.837410125423891927e-01,4.831532482286125529e-01,9.510954166131628806e-01,3.794825958640454244e-01,3.572085564818188175e-01
9.250743300993633511e-01,1.516337182254930971e-01,1.414213562373095145e+00,0.000000000000000000e+00,1.007547051101352231e+00,1.113153093276402078e-01,3.132517505290517701e-02,4.046248140481645272e-02,3.947290745852542748e-02,5.437745274614500662e-02,3.965763778867517630e-02,3.676732658767070672e-02,4.647532897377454342e-01,6.062061425163965955e-01,4.098031280914744001e-01,4.274099533942121720e-01,1.145333797280319699e+00,8.469775497178533286e-01,1.140852279615827802e+00,4.819871316867981315e-01
5.422007946372019160e-02,1.125648245388094632e-01,2.418773623641544065e-02,1.268692099893600489e-01,3.924976580573462381e-02,8.782078223933903471e-01,6.332051124776969520e-01,1.006171798772867720e-01,4.631464883323399562e-01,4.887116730681361210e-01,4.697436021533905603e-01,9.396450799818852895e-01,3.002162382047079969e-02,3.695823478734185097e-02,9.603618210381777986e-01,9.984905503655048253e-01,5.738986770102530999e-01,8.282072336434936899e-01,1.104451836100834444e-01,6.080618118249899728e-01
1.455601353189510117e-01,1.017506622473218769e-01,3.776152618339035510e-02,1.316224155169581689e+00,1.669169907505636818e-01,2.592977962634530620e-01,2.536714710397352038e-02,1.138475308516169404e+00,9.716030251375504800e-01,5.944950127181267696e-01,8.633109726812754348e-01,1.107690278547309948e+00,4.509705255191983064e-01,1.388039492168523063e-02,4.730270312763212304e-01,4.331751742405430816e-01,4.360991549026030367e-01,9.130744750357338013e-01,9.513683124079144182e-01,1.696625259464761282e-01
2.016363819742645613e-01,1.082106199016640291e-01,1.678597376053065637e-01,7.626759893315135375e-02,9.707398461253577415e-02,1.088299155737105561e+00,8.100100895142080537e-01,3.114993334008898940e-02,5.513011872729456364e-01,1.269671748332788397e+00,4.534368071451278515e-01,4.840960362357038527e-01,3.166796090944470343e-01,9.763884305497961824e-01,8.596584068525418010e-01,4.929919548149608866e-01,4.071592589030557097e-01,1.133298480019051979e+00,4.960356956645869952e-02,4.100674201204057012e-01
1.651069707822090948e-01,8.938050112609854936e-03,4.799135704202611707e-02,4.319473430908125910e-02,1.458155227795485988e-02,1.624853838863603295e-01,2.611714617455091481e-01,2.170189492041761925e-01,1.089799110710178015e-01,1.249315719923231871e+00,1.147997809983730244e+00,4.750026977018886182e-02,8.893359726192905379e-01,6.601499405608870497e-01,2.123888215701575863e-02,9.011446115472507845e-01,5.210422139847360468e-01,7.984412771897155814e-01,1.025006604625211981e+00,7.371842447907042128e-01
3.055259597393348847e-01,1.263745682778124879e-01,7.478579739470414545e-01,6.047437367383754619e-02,2.625083058971445366e-02,2.387954065391296662e-02,6.207977969240876387e-02,9.409108098603212456e-02,7.961140387300672527e-01,2.161205637185993969e-02,9.866864775083641348e-01,4.327813908251249703e-02,9.360952671776834322e-01,1.054658065509744169e+00,8.767817693621308139e-01,1.008229655078172415e+00,8.707837746578646065e-01,1.824829018662482705e-02,1.137776030743086642e+00,1.243557923003459909e+00
3.563086187967578339e-02,1.909081740421957052e-02,9.046016577346832621e-02,3.463324315547110926e-02,2.006825964846162269e-02,7.832497509309239714e-01,7.301234359677518659e-01,7.455538138728260433e-01,7.541941077868685728e-01,3.060940493934097978e-02,2.090255008920867755e-02,4.695652805200845048e-01,1.654781494146531293e-02,1.474649785874420360e-01,8.092864390641921757e-01,3.470716546203946040e-02,4.573084720573630801e-01,9.042801080780229483e-01,3.856732859457470686e-01,3.520539658835325492e-01
1.521093164859800007e-01,1.429927107223227800e-01,2.250444913603601160e-01,7.132342924939368001e-02,1.020822138331819229e+00,3.955301204538229642e-01,1.164705452169726846e-01,8.709964242374687582e-02,2.442555346898508395e-01,8.314203490580650557e-01,4.572098577822147902e-01,4.611745932230766343e-01,4.080465621277413191e-01,2.839699035143144340e-02,4.964264111133716573e-01,5.579642260246485685e-01,9.788750355992326124e-01,2.242205517863871955e-01,3.965315244040885645e-01,8.258214414753158872e-01
