1.844328028132714015e-01,3.095703199066326960e-01,4.600417672727890595e-01,1.138019509610967317e+00,2.220493461828041692e-01,5.708840512966634195e-01,3.730149142559061048e-01,4.669488350554117928e-01,4.550411658289541528e-01,3.843349048007266289e-01,6.288172563156948502e-01,5.039013698972401312e-02,2.404521541646836014e-01,8.880193043454636115e-01,1.039920525733302625e+00,5.574858634394991297e-01,5.046896462067433919e-01,1.965839607977569459e-02,5.883214651379891080e-01,3.584380191378902514e-01
2.747885292505372612e-01,2.907103735903906472e-01,2.468614805805350310e-01,1.187284654215635671e+00,6.827034005749584855e-01,1.273588762877151115e-01,5.337646868027050573e-01,1.035051592710364732e+00,1.257891639785631233e+00,5.304439088185546325e-01,7.995986670345937020e-01,1.092954204652412109e+00,4.729985063246943677e-01,8.400473218119069996e-02,4.889587076718445169e-01,6.426751234774742416e-01,3.808663922184392092e-01,8.392024540751379380e-01,8.287705273001947370e-01,8.717958706793424994e-01
5.892981071431442341e-01,2.390637391659831690e-01,1.010675532317558689e+00,1.999942687724751145e-01,1.400277256628752465e-01,8.657755783975313868e-01,1.265057650162565217e+00,2.229793173137331885e-01,8.065483984156013308e-02,5.830529322963649008e-01,4.334499208774803686e-02,2.125403965577697951e-01,1.157150509708106290e+00,2.379677601249372346e-02,9.964069472622002488e-01,1.116938637010209900e+00,6.230415185048107096e-01,1.139831903099454369e+00,1.356298032298343219e-02,5.587683156850900001e-01
4.567552568773692312e-01,9.180058325875724012e-01,7.453477576723317455e-01,1.831074049986843588e-01,1.127376409758574116e+00,5.153235971471903376e-01,1.780848541939750451e-01,2.441701946393819156e-01,9.404634777785144673e-01,1.226114841834018282e-01,4.881445922975848339e-01,2.908233342517179895e-02,9.719326216106181082e-01,1.228641161286643912e+00,1.277321969924863465e+00,1.171566315732198049e+00,5.674273182283757766e-01,6.480673211378458198e-01,1.128694267580538702e+00,7.263494765373737505e-02
9.337213288640757725e-01,1.825495033760962948e-01,1.148264255532076145e-01,8.406756929563690139e-01,7.938568448400100674e-01,6.013229807063816823e-01,2.369755811859268757e-01,5.028655866268449959e-01,4.460230170455366516e-01,5.967335488156448875e-01,7.673359087318790128e-02,4.573643872299804625e-01,5.964968640406888012e-01,7.359898769519613859e-01,6.308439203492299807e-01,2.431209645016959436e-02,3.156476122442240882e-03,3.961636431735827794e-03,9.601009727852209963e-01,6.032783785249924008e-03
1.362345159943426365e-01,1.477563210436857455e-01,1.144111860534682279e+00,4.441295569864033288e-01,2.174559878370434518e-01,9.255987150227831251e-01,1.078010295647651606e+00,1.012761970324428162e+00,1.099890199775406530e-01,1.073914507046522582e+00,8.435493530042620369e-01,8.945972878583040577e-01,2.085256291724316841e-02,1.751939003524792537e-02,7.182429576825077877e-01,1.426130232694303342e-02,1.408619526058708937e-02,1.265388960060750689e-01,4.158926278719596303e-01,6.168046316068620527e-01
4.047055691479039541e-01,1.150566133356278220e+00,1.482007115105527517e-01,4.848718226460989045e-01,5.315129465217140192e-02,2.387947124824371659e-02,8.025500365638094102e-01,4.269902110836577142e-02,8.580476097561025028e-01,4.709847461011310576e-01,5.387188487910421486e-01,4.627875801903194586e-01,5.563967765555570821e-01,6.261841104655406776e-01,8.564496186435071046e-01,1.889577973003460365e-01,8.972358813232649277e-01,5.393790522354549033e-01,8.156819250098019669e-01,7.903894411926798425e-01
1.566094281887634720e-01,1.141956044994982267e-02,7.784014157686852675e-02,1.089306627587109055e+00,9.624992619792154258e-01,9.649114165068911619e-01,8.877663753354586573e-01,7.906044874400460776e-01,2.824590995159121931e-01,7.385294286867112312e-01,5.609837877569281428e-01,1.022024924573615934e+00,3.316508360112908060e-01,3.015054875606821075e-02,4.121185140753789722e-01,2.282548797200191770e-01,1.155433930526717390e+00,7.859263070108686300e-01,6.152918151507723588e-01,8.351285183133837497e-01
9.309619281900310961e-01,2.109845851752745194e-01,1.559224978319396493e-01,1.689861027000312543e-01,1.058680867313096519e+00,8.437351796136747240e-01,8.928063572755972066e-01,1.120891105275631849e+00,9.509027600307841110e-01,5.163618374318784676e-02,1.118480556474748422e+00,7.867374099067447890e-01,2.714127569062408860e-02,8.932049650400660790e-01,3.064221698296767937e-01,9.979331803612526697e-01,8.589816792832473125e-01,9.856142518407887687e-01,2.588020380195336576e-02,6.873652845044393445e-01
4.468759881499853037e-01,2.213501279838828717e-01,1.607027170653172465e-01,4.768082292715379866e-01,2.321303128068072930e-01,5.024182186098091751e-01,9.348667643010999395e-01,5.213664231857678688e-01,8.315739985811818058e-02,5.981260585398460172e-01,7.243353671168150099e-01,4.942166129760639515e-01,4.681528740875663952e-01,2.643028934010451247e-01,8.034446644211261646e-01,8.365957950648690300e-01,5.980774469653449277e-02,9.760292374817880479e-02,7.484091424374029744e-01,6.974938149900724582e-01
7.922804546275018511e-01,3.281647359863471003e-01,9.868563238359991940e-01,4.175449392456809794e-01,5.488219379514543972e-01,1.564266905244449668e-01,6.344248945982652876e-02,4.790640908771020556e-01,4.753238056671089118e-01,1.902945847544837551e-03,2.442057344977758421e-02,2.189303699444553053e-02,6.053368559868982368e-01,9.852291679592050100e-01,1.997791806558481612e-02,1.681273560639397549e-02,1.564996780039831911e-03,2.095914524342874785e-02,9.437220139498663229e-01,1.108059175047063430e-02
1.048131836798957446e-02,2.567407230219745373e-01,1.339251566811234806e-01,1.253058059546487968e-01,3.764067094459343510e-01,4.011805282152150487e-01,3.050778450933158137e-01,4.879899409035412527e-01,6.406428918219718438e-02,7.462790290067757848e-01,8.674385464251207489e-01,1.409864878841797231e-01,4.898882333567414760e-01,4.724833488900894718e-01,5.001381904937988176e-01,9.822600994901612426e-01,1.646654009588195688e-01,5.473975625814635482e-01,2.391707697664240684e-01,2.774535073765111992e-01
3.279236723810470822e-01,7.327132628209318543e-01,1.414213562373095145e+00,1.811310912949321006e-01,1.649500206413148096e-01,1.013512954682657341e+00,2.030594970993183368e-01,1.068939762809243188e+00,1.974727613129683423e-01,1.682818665728386953e-01,5.103165105136396595e-02,4.428047451896240105e-03,1.482264730005620167e-02,3.307915181426216312e-03,1.280712102623975763e-03,1.325564229746544918e-03,9.671836081413197617e-01,7.303187411346663271e-01,6.380999953002676819e-03,3.647861628632558841e-03
9.152074998833623631e-01,2.133961575567508429e-01,1.718273385601589709e-01,6.365242528159498203e-01,3.897742528202373102e-01,1.204172464197366565e+00,2.330813624146936824e-01,5.513216434109430297e-01,3.865461233564775334e-01,5.226908660584145272e-01,2.181324708569422066e-01,1.111091498677644340e+00,1.254897342845523678e+00,1.165443471657016561e+00,8.709182775376356211e-02,1.106851277818363455e+00,8.967556914717000893e-01,1.761524711136008489e-02,1.585746859090363114e-02,8.772776614641182302e-01
2.385681673308584216e-01,1.846702262852230880e-01,1.316224155169581689e+00,7.102026801651134535e-02,1.196233995162394592e+00,1.662641006270393351e-01,1.275596794721988170e-01,5.896005512277225913e-01,1.202417978827262868e+00,4.439493408926241114e-01,9.928397409478053603e-01,4.680346106018852814e-01,4.654593144367049073e-01,5.816712292536587725e-01,4.808017276739219859e-01,9.788619674348499888e-01,4.021813808911396393e-01,6.211853886715525130e-02,4.422234886439892487e-01,1.048382013535000157e+00
2.172966435719691225e-01,1.123104632728193275e+00,1.082106199016640291e-01,1.534108827328787283e-01,6.514416549973801873e-02,1.286414230660919644e+00,2.689044778655441115e-01,6.663160637432224975e-02,5.469603816500582250e-01,1.022827304476914501e+00,8.792743224023794602e-01,1.077096294511578102e-02,1.085290605212672732e+00,4.555653995059089773e-02,3.748435544304140610e-02,8.978881602424141350e-01,1.716289218047599707e-01,9.554800472181401716e-01,7.566494280922259064e-01,6.894472709249357401e-01
1.797032792997567963e-01,1.230087737405965442e-01,7.381705843831606328e-01,1.272622856616445475e+00,6.134047813802268045e-01,1.014950429022428019e-01,1.118341712068646077e+00,8.198762606414743415e-01,9.201783960585461219e-01,4.953502984382966712e-02,1.429849284164325385e-01,1.195147913119906924e-01,2.991544774525158878e-01,1.113364288981711248e+00,1.175943923360300181e+00,7.196446591715202068e-01,8.793746436330893701e-01,9.692023385807706504e-01,1.191453194841632923e+00,8.906656748544743429e-01
3.327631753278897375e-01,1.524320304329740139e-01,6.047437367383754619e-02,7.987280339815802654e-02,6.686910606458466022e-01,1.007001411816440095e+00,1.146405099894816093e+00,8.618865062742417926e-01,1.617920589852027413e-01,4.931321116435616325e-01,5.040034324994629999e-01,5.669794969309932542e-01,5.116596796442576256e-01,4.176906041811931924e-01,3.752958672603225881e-02,5.775200482731176477e-01,6.585646801266388239e-01,8.219529232974746025e-01,8.502815754851823504e-01,4.502472141991780141e-01
5.045445082183696028e-01,1.406177133866582385e-01,8.403807709391262204e-01,7.590058753881435694e-01,1.639496950409124465e-01,7.249957980318465500e-01,4.058828137128882019e-01,1.432687841190061762e-01,1.931580584543992618e-01,1.271683832398097236e+00,1.018108805101469727e+00,1.120141034332757801e+00,1.199401418282691756e+00,4.689777375966633910e-01,6.490094446196686961e-01,2.924242922784404952e-02,6.856890401680910789e-03,2.551940415578101383e-03,1.658283483936582843e-03,2.569773874294987558e-03
1.738360031160192665e-01,1.712761985133979814e-01,2.943281297385154649e-01,1.009630726117856980e+00,5.086663274187044337e-01,1.380782810119784987e-01,9.352478253126774721e-01,4.228510175678972804e-01,9.905698221826735317e-01,4.572098577822147902e-01,1.036627835092382571e-01,1.243853035052094047e-01,4.556518791445423044e-01,1.066464744927533959e+00,8.720252913835713215e-01,5.579642260246485685e-01,8.964077372547403499e-02,4.627693901350398153e-01,5.887747880798660516e-01,2.823295802603847937e-01
