1.335980535191414198e+01,1.335980535191414198e+01,9.738399874512303711e+00,9.022694712195375999e+00,4.212610395219456905e+00,4.212610395219456905e+00,4.212610395219456905e+00,3.546654556013923543e+00,3.546654556013923543e+00,3.546654556013923543e+00,3.546654556013923543e+00,3.546654556013923543e+00,3.546654556013923543e+00,3.546654556013923543e+00,3.546654556013923543e+00,8.947574130291973127e-01,8.947574130291973127e-01,8.947574130291973127e-01,8.947574130291973127e-01,8.947574130291973127e-01,8.947574130291973127e-01
1.934966420732536463e+01,1.934966420732536463e+01,1.903857248871204888e+01,1.903857248871204888e+01,1.903857248871204888e+01,1.903857248871204888e+01,1.903857248871204888e+01,1.903857248871204888e+01,1.903857248871204888e+01,1.903857248871204888e+01,1.819259534034109649e+01,1.819259534034109649e+01,1.819259534034109649e+01,1.819259534034109649e+01,1.763381238755185265e+01,1.763381238755185265e+01,1.763381238755185265e+01,1.763381238755185265e+01,1.763381238755185265e+01,1.763381238755185265e+01,1.763381238755185265e+01
1.860753454018246700e+01,1.818297219307670787e+01,1.637864696999969283e+01,1.637864696999969283e+01,1.637864696999969283e+01,1.637864696999969283e+01,1.637864696999969283e+01,1.637864696999969283e+01,1.637864696999969283e+01,1.637864696999969283e+01,1.637864696999969283e+01,1.622491364535220626e+01,1.622491364535220626e+01,1.622491364535220626e+01,1.622491364535220626e+01,1.613075773305526184e+01,1.613075773305526184e+01,1.613075773305526184e+01,1.613075773305526184e+01,1.613075773305526184e+01,1.613075773305526184e+01
1.969026045083420229e+01,1.969026045083420229e+01,1.969026045083420229e+01,1.969026045083420229e+01,1.961877850166889203e+01,1.961877850166889203e+01,1.961877850166889203e+01,1.961877850166889203e+01,1.961877850166889203e+01,1.961877850166889203e+01,1.935885495198236583e+01,1.935885495198236583e+01,1.935885495198236583e+01,1.922343704873284764e+01,1.922343704873284764e+01,1.922343704873284764e+01,1.922343704873284764e+01,1.799186625109203419e+01,1.799186625109203419e+01,1.799186625109203419e+01,1.799186625109203419e+01
1.389803335773068405e+01,1.389803335773068405e+01,1.389803335773068405e+01,1.389803335773068405e+01,1.389803335773068405e+01,1.389803335773068405e+01,1.389803335773068405e+01,1.389803335773068405e+01,1.389803335773068405e+01,1.376200283000843072e+01,1.376200283000843072e+01,1.269596168551931292e+01,1.185131000670469348e+01,1.185131000670469348e+01,1.185131000670469348e+01,1.185131000670469348e+01,1.185131000670469348e+01,1.185131000670469348e+01,1.185131000670469348e+01,1.185131000670469348e+01,1.185131000670469348e+01
1.717578889301929479e+01,1.717578889301929479e+01,1.717578889301929479e+01,1.717578889301929479e+01,1.643357016130486414e+01,1.583929379871000265e+01,1.583929379871000265e+01,1.583929379871000265e+01,1.329651552297968209e+01,1.149427108792122887e+01,1.149427108792122887e+01,8.770245998350420180e+00,6.527806880255358379e+00,5.728583546422349571e+00,5.728583546422349571e+00,5.487438963932127933e+00,5.487438963932127933e+00,5.487438963932127933e+00,5.487438963932127933e+00,5.487438963932127933e+00,5.487438963932127933e+00
5.996323157585933927e+00,5.996323157585933927e+00,3.990642893968662452e+00,3.990642893968662452e+00,3.990642893968662452e+00,3.636598297193142759e+00,3.636598297193142759e+00,3.636598297193142759e+00,3.636598297193142759e+00,3.636598297193142759e+00,3.636598297193142759e+00,3.636598297193142759e+00,3.636598297193142759e+00,3.636598297193142759e+00,3.636598297193142759e+00,3.636598297193142759e+00,3.636598297193142759e+00,3.636598297193142759e+00,3.636598297193142759e+00,3.636598297193142759e+00,3.636598297193142759e+00
1.178524934950949010e+01,7.057590473758683203e+00,7.057590473758683203e+00,1.915555614391348804e-01,1.915555614391348804e-01,1.915555614391348804e-01,1.915555614391348804e-01,1.915555614391348804e-01,1.915555614391348804e-01,1.915555614391348804e-01,1.915555614391348804e-01,1.915555614391348804e-01,1.915555614391348804e-01,1.915555614391348804e-01,1.915555614391348804e-01,1.915555614391348804e-01,1.915555614391348804e-01,1.915555614391348804e-01,1.915555614391348804e-01,1.915555614391348804e-01,1.915555614391348804e-01
1.224061107890602962e+01,1.224061107890602962e+01,1.059416970625505172e+01,5.915752047094869681e+00,5.412404968151196982e+00,5.412404968151196982e+00,3.303878746891321772e+00,3.303878746891321772e+00,3.303878746891321772e+00,3.303878746891321772e+00,2.936347031825061737e+00,2.936347031825061737e+00,2.936347031825061737e+00,2.936347031825061737e+00,2.936347031825061737e+00,2.936347031825061737e+00,2.936347031825061737e+00,2.936347031825061737e+00,2.936347031825061737e+00,2.936347031825061737e+00,2.936347031825061737e+00
1.829104482398282983e+01,1.744776117566454232e+01,1.439100258410359245e+01,1.429428017869551759e+01,1.429428017869551759e+01,1.259892393531896460e+01,1.161401937320509070e+01,1.161401937320509070e+01,8.799458736799834924e+00,5.182861230050608725e+00,5.182861230050608725e+00,3.979849467673929997e+00,3.979849467673929997e+00,3.979849467673929997e+00,3.979849467673929997e+00,3.979849467673929997e+00,3.979849467673929997e+00,3.979849467673929997e+00,3.979849467673929997e+00,3.979849467673929997e+00,2.687736539479903985e+00
5.978648479962799911e+00,5.978648479962799911e+00,5.206619938971655870e+00,4.504085539627634915e+00,4.504085539627634915e+00,4.504085539627634915e+00,4.504085539627634915e+00,4.504085539627634915e+00,4.504085539627634915e+00,4.504085539627634915e+00,4.504085539627634915e+00,4.504085539627634915e+00,4.504085539627634915e+00,4.504085539627634915e+00,4.504085539627634915e+00,4.504085539627634915e+00,4.504085539627634915e+00,4.504085539627634915e+00,4.504085539627634915e+00,4.504085539627634915e+00,3.658027370579646220e+00
1.636702301571954976e+01,1.584828722120484379e+01,1.584828722120484379e+01,1.438101989805245395e+01,1.110095338830089062e+01,8.317446965150619320e+00,7.375327495576900816e+00,7.375327495576900816e+00,7.375327495576900816e+00,6.218725524870919230e+00,5.611035449140416631e+00,2.456034101377241985e+00,2.456034101377241985e+00,2.456034101377241985e+00,2.456034101377241985e+00,2.422870860659703585e+00,2.422870860659703585e+00,2.422870860659703585e+00,2.422870860659703585e+00,2.422870860659703585e+00,2.422870860659703585e+00
1.879832299078034552e+01,1.879832299078034552e+01,1.879832299078034552e+01,1.879832299078034552e+01,1.879832299078034552e+01,1.879832299078034552e+01,1.879832299078034552e+01,1.879832299078034552e+01,1.879832299078034552e+01,1.879832299078034552e+01,1.879832299078034552e+01,1.879832299078034552e+01,1.879832299078034552e+01,1.879832299078034552e+01,1.879832299078034552e+01,1.879832299078034552e+01,1.879832299078034552e+01,1.879832299078034552e+01,1.879832299078034552e+01,1.879832299078034552e+01,1.879832299078034552e+01
8.375806098973582081e+00,8.375806098973582081e+00,8.375806098973582081e+00,4.171559023362682694e+00,4.171559023362682694e+00,4.171559023362682694e+00,3.843042236140168377e-01,3.843042236140168377e-01,3.843042236140168377e-01,3.843042236140168377e-01,3.843042236140168377e-01,3.843042236140168377e-01,3.843042236140168377e-01,3.843042236140168377e-01,3.843042236140168377e-01,3.843042236140168377e-01,3.843042236140168377e-01,3.843042236140168377e-01,3.843042236140168377e-01,3.843042236140168377e-01,3.843042236140168377e-01
1.649778886070507511e+01,8.619946208577108138e+00,5.931376749883803257e+00,4.574786945421688955e+00,4.574786945421688955e+00,3.674969925554219419e+00,3.674969925554219419e+00,3.674969925554219419e+00,3.674969925554219419e+00,3.674969925554219419e+00,3.674969925554219419e+00,3.674969925554219419e+00,3.674969925554219419e+00,3.674969925554219419e+00,3.674969925554219419e+00,3.674969925554219419e+00,3.674969925554219419e+00,3.674969925554219419e+00,3.674969925554219419e+00,3.674969925554219419e+00,3.674969925554219419e+00
7.682573789160340283e+00,7.682573789160340283e+00,7.682573789160340283e+00,4.375895201101386078e+00,4.375895201101386078e+00,2.520142976450590044e+00,2.520142976450590044e+00,2.520142976450590044e+00,2.520142976450590044e+00,2.520142976450590044e+00,2.520142976450590044e+00,2.520142976450590044e+00,2.520142976450590044e+00,2.520142976450590044e+00,2.520142976450590044e+00,2.520142976450590044e+00,2.520142976450590044e+00,2.520142976450590044e+00,2.520142976450590044e+00,2.520142976450590044e+00,2.520142976450590044e+00
1.834117828942339301e+01,1.813478037696641820e+01,1.813478037696641820e+01,1.813478037696641820e+01,1.813478037696641820e+01,1.765516332599811378e+01,1.765516332599811378e+01,1.765516332599811378e+01,1.765516332599811378e+01,1.765516332599811378e+01,1.765516332599811378e+01,1.765516332599811378e+01,1.765516332599811378e+01,1.765516332599811378e+01,1.734488674003499398e+01,1.663674543700615871e+01,1.555762538359058489e+01,1.538406286811267876e+01,1.538406286811267876e+01,1.538406286811267876e+01,1.415458584152045951e+01
1.474763790581407363e+01,1.288053262447142444e+01,1.288053262447142444e+01,1.137573771833647385e+01,7.688680128376956802e+00,5.890685576153920522e+00,4.556023205992012493e+00,4.556023205992012493e+00,4.235556450389704963e+00,4.235556450389704963e+00,4.235556450389704963e+00,4.235556450389704963e+00,4.235556450389704963e+00,4.235556450389704963e+00,4.235556450389704963e+00,4.235556450389704963e+00,2.902675188570928544e+00,2.902675188570928544e+00,6.117140920838264329e-01,6.117140920838264329e-01,6.117140920838264329e-01
5.383062357073221449e+00,5.383062357073221449e+00,5.383062357073221449e+00,5.383062357073221449e+00,5.383062357073221449e+00,4.561155236964989257e+00,4.561155236964989257e+00,4.561155236964989257e+00,2.628490338749007282e+00,2.628490338749007282e+00,2.628490338749007282e+00,2.628490338749007282e+00,2.628490338749007282e+00,2.628490338749007282e+00,2.628490338749007282e+00,2.628490338749007282e+00,4.883388019094749843e-01,4.883388019094749843e-01,4.883388019094749843e-01,4.883388019094749843e-01,4.883388019094749843e-01
1.843527188430255848e+01,1.843527188430255848e+01,1.843527188430255848e+01,1.843527188430255848e+01,1.843527188430255848e+01,1.843527188430255848e+01,1.843527188430255848e+01,1.843527188430255848e+01,1.843527188430255848e+01,1.843527188430255848e+01,1.843527188430255848e+01,1.843527188430255848e+01,1.843527188430255848e+01,1.843527188430255848e+01,1.843527188430255848e+01,1.843527188430255848e+01,1.843527188430255848e+01,1.843527188430255848e+01,1.843527188430255848e+01,1.843527188430255848e+01,1.843527188430255848e+01
