1.335980535191414198e+01,1.335980535191414198e+01,1.022709291370596851e+01,1.022709291370596851e+01,8.788096724357522760e+00,7.327669597483001951e+00,7.327669597483001951e+00,6.178187987019324368e+00,6.178187987019324368e+00,6.178187987019324368e+00,6.178187987019324368e+00,6.178187987019324368e+00,3.888285964816241336e+00,3.888285964816241336e+00,3.888285964816241336e+00,3.888285964816241336e+00,3.689845528082220216e+00,3.689845528082220216e+00,3.689845528082220216e+00,3.689845528082220216e+00,3.689845528082220216e+00
1.934966420732536463e+01,1.934966420732536463e+01,1.934966420732536463e+01,1.934966420732536463e+01,1.934966420732536463e+01,1.934966420732536463e+01,1.934966420732536463e+01,1.934966420732536463e+01,1.858839900935895528e+01,1.858839900935895528e+01,1.858839900935895528e+01,1.858839900935895528e+01,1.858839900935895528e+01,1.820288471321343948e+01,1.820288471321343948e+01,1.820288471321343948e+01,1.820288471321343948e+01,1.820288471321343948e+01,1.820288471321343948e+01,1.820288471321343948e+01,1.820288471321343948e+01
1.860753454018246700e+01,1.860753454018246700e+01,1.860753454018246700e+01,1.860753454018246700e+01,1.860753454018246700e+01,1.860753454018246700e+01,1.860753454018246700e+01,1.860753454018246700e+01,1.860753454018246700e+01,1.860753454018246700e+01,1.860753454018246700e+01,1.860753454018246700e+01,1.860753454018246700e+01,1.860753454018246700e+01,1.860753454018246700e+01,1.854794864947303523e+01,1.791977644896108046e+01,1.709285194734845348e+01,1.709285194734845348e+01,1.709285194734845348e+01,1.709285194734845348e+01
1.969026045083420229e+01,1.810622485795121861e+01,1.810622485795121861e+01,1.810622485795121861e+01,1.810622485795121861e+01,1.810622485795121861e+01,1.810622485795121861e+01,1.810622485795121861e+01,1.810622485795121861e+01,1.810622485795121861e+01,1.810622485795121861e+01,1.810622485795121861e+01,1.810622485795121861e+01,1.810622485795121861e+01,1.810622485795121861e+01,1.810622485795121861e+01,1.810622485795121861e+01,1.810622485795121861e+01,1.810622485795121861e+01,1.810622485795121861e+01,1.791908016599152376e+01
1.389803335773068405e+01,1.389803335773068405e+01,1.387542317445213769e+01,1.387542317445213769e+01,1.387542317445213769e+01,1.387542317445213769e+01,1.387542317445213769e+01,1.387542317445213769e+01,1.387542317445213769e+01,1.387542317445213769e+01,1.256559431768350699e+01,1.256559431768350699e+01,1.191973505679328049e+01,1.191973505679328049e+01,1.074919240051369762e+01,1.066376699660642480e+01,1.049887640666238653e+01,6.445226497975070856e+00,6.445226497975070856e+00,6.445226497975070856e+00,5.878455264052817597e+00
1.717578889301929479e+01,1.685093431586098234e+01,1.685093431586098234e+01,1.685093431586098234e+01,1.685093431586098234e+01,1.685093431586098234e+01,1.685093431586098234e+01,1.685093431586098234e+01,1.685093431586098234e+01,1.685093431586098234e+01,1.685093431586098234e+01,1.685093431586098234e+01,1.685093431586098234e+01,1.582448880886432718e+01,1.582448880886432718e+01,1.582448880886432718e+01,1.582448880886432718e+01,1.582448880886432718e+01,1.582448880886432718e+01,1.477715177639793254e+01,1.472634274164822088e+01
5.996323157585933927e+00,5.996323157585933927e+00,4.331426063476804700e+00,4.331426063476804700e+00,4.331426063476804700e+00,4.331426063476804700e+00,4.331426063476804700e+00,4.331426063476804700e+00,4.331426063476804700e+00,4.331426063476804700e+00,4.331426063476804700e+00,4.331426063476804700e+00,4.331426063476804700e+00,4.331426063476804700e+00,4.331426063476804700e+00,3.012598697709013340e+00,3.012598697709013340e+00,3.012598697709013340e+00,3.012598697709013340e+00,3.012598697709013340e+00,1.455018109223936040e+00
1.178524934950949010e+01,7.664290354165794739e+00,7.664290354165794739e+00,4.193003828970212510e+00,4.193003828970212510e+00,4.193003828970212510e+00,1.715243888200902678e+00,1.715243888200902678e+00,1.715243888200902678e+00,1.715243888200902678e+00,1.715243888200902678e+00,1.715243888200902678e+00,1.715243888200902678e+00,1.715243888200902678e+00,1.715243888200902678e+00,1.715243888200902678e+00,1.715243888200902678e+00,1.715243888200902678e+00,1.715243888200902678e+00,1.715243888200902678e+00,1.715243888200902678e+00
1.224061107890602962e+01,1.224061107890602962e+01,1.224061107890602962e+01,1.069227140737311821e+01,1.069227140737311821e+01,1.069227140737311821e+01,1.069227140737311821e+01,1.069227140737311821e+01,1.069227140737311821e+01,1.069227140737311821e+01,1.004767059265456197e+01,8.165029559134314496e+00,8.165029559134314496e+00,8.156229005509082697e+00,6.667737417567774827e+00,6.667737417567774827e+00,5.981252284185973878e+00,5.154970394552794488e+00,4.122940904095493408e+00,2.205273597062529678e+00,2.205273597062529678e+00
1.829104482398282983e+01,1.706698910898543531e+01,1.706698910898543531e+01,1.606857815416315560e+01,1.606857815416315560e+01,1.606857815416315560e+01,1.606857815416315560e+01,1.606857815416315560e+01,1.439169865062052267e+01,1.439169865062052267e+01,1.439169865062052267e+01,1.439169865062052267e+01,1.439169865062052267e+01,1.439169865062052267e+01,1.439169865062052267e+01,1.439169865062052267e+01,1.439169865062052267e+01,1.439169865062052267e+01,1.439169865062052267e+01,1.439169865062052267e+01,1.439169865062052267e+01
5.978648479962799911e+00,5.978648479962799911e+00,4.284217869199526518e+00,4.284217869199526518e+00,3.400109026935777212e+00,3.400109026935777212e+00,3.400109026935777212e+00,3.400109026935777212e+00,3.400109026935777212e+00,3.400109026935777212e+00,3.400109026935777212e+00,3.400109026935777212e+00,3.400109026935777212e+00,3.400109026935777212e+00,3.400109026935777212e+00,3.400109026935777212e+00,3.400109026935777212e+00,3.400109026935777212e+00,3.400109026935777212e+00,3.400109026935777212e+00,3.400109026935777212e+00
1.636702301571954976e+01,1.547752071452296718e+01,1.547752071452296718e+01,1.399870869035994403e+01,9.673130900622069817e+00,9.086310098751507525e+00,7.918413977270317261e+00,6.740320419924877626e+00,6.531597357159476758e+00,3.433963537189683723e+00,3.433963537189683723e+00,1.711655839677181934e+00,1.711655839677181934e+00,1.711655839677181934e+00,1.711655839677181934e+00,1.711655839677181934e+00,1.711655839677181934e+00,1.711655839677181934e+00,1.711655839677181934e+00,1.711655839677181934e+00,1.711655839677181934e+00
1.879832299078034552e+01,1.879832299078034552e+01,1.879832299078034552e+01,1.879832299078034552e+01,1.879832299078034552e+01,1.879832299078034552e+01,1.879832299078034552e+01,1.879832299078034552e+01,1.879832299078034552e+01,1.879832299078034552e+01,1.879832299078034552e+01,1.879832299078034552e+01,1.879832299078034552e+01,1.879832299078034552e+01,1.879832299078034552e+01,1.879832299078034552e+01,1.879832299078034552e+01,1.879832299078034552e+01,1.879832299078034552e+01,1.834127590129357088e+01,1.805637404326258988e+01
8.375806098973582081e+00,8.375806098973582081e+00,8.375806098973582081e+00,4.572826872202266912e+00,2.248860744777737342e+00,2.248860744777737342e+00,2.248860744777737342e+00,2.248860744777737342e+00,2.248860744777737342e+00,2.248860744777737342e+00,2.248860744777737342e+00,2.248860744777737342e+00,2.248860744777737342e+00,2.248860744777737342e+00,2.248860744777737342e+00,2.248860744777737342e+00,2.248860744777737342e+00,2.248860744777737342e+00,2.248860744777737342e+00,2.248860744777737342e+00,2.248860744777737342e+00
1.649778886070507511e+01,8.522290603312548285e+00,6.760584757800232936e+00,3.270228575645692803e+00,3.270228575645692803e+00,3.270228575645692803e+00,2.990136156201540718e+00,2.990136156201540718e+00,2.990136156201540718e+00,2.990136156201540718e+00,2.990136156201540718e+00,2.990136156201540718e+00,2.990136156201540718e+00,2.990136156201540718e+00,2.990136156201540718e+00,2.990136156201540718e+00,2.990136156201540718e+00,2.990136156201540718e+00,2.990136156201540718e+00,2.990136156201540718e+00,8.926140231067276609e-01
7.682573789160340283e+00,7.682573789160340283e+00,7.682573789160340283e+00,4.579947176809273657e+00,4.059001087931513041e+00,4.059001087931513041e+00,2.171209233157040064e+00,7.294930565786867938e-01,7.294930565786867938e-01,7.294930565786867938e-01,7.294930565786867938e-01,7.294930565786867938e-01,7.294930565786867938e-01,7.294930565786867938e-01,7.294930565786867938e-01,7.294930565786867938e-01,7.294930565786867938e-01,7.294930565786867938e-01,7.294930565786867938e-01,7.294930565786867938e-01,7.294930565786867938e-01
1.834117828942339301e+01,1.764757681398770117e+01,1.764757681398770117e+01,1.764757681398770117e+01,1.764757681398770117e+01,1.764757681398770117e+01,1.764757681398770117e+01,1.764757681398770117e+01,1.764757681398770117e+01,1.764757681398770117e+01,1.764757681398770117e+01,1.764757681398770117e+01,1.764757681398770117e+01,1.764757681398770117e+01,1.017111815104106931e+01,9.740873425940971941e+00,9.740873425940971941e+00,8.494659983263222358e+00,8.494659983263222358e+00,6.900176595537452329e+00,6.900176595537452329e+00
1.474763790581407363e+01,1.245751832248529034e+01,1.245751832248529034e+01,1.108694659222343581e+01,6.168614831689250622e+00,2.973703919122897776e+00,2.973703919122897776e+00,2.973703919122897776e+00,1.729193573566135900e+00,1.729193573566135900e+00,1.729193573566135900e+00,1.729193573566135900e+00,1.729193573566135900e+00,1.729193573566135900e+00,1.729193573566135900e+00,1.729193573566135900e+00,1.729193573566135900e+00,1.729193573566135900e+00,3.846710611610970609e-01,3.846710611610970609e-01,3.846710611610970609e-01
5.383062357073221449e+00,5.383062357073221449e+00,5.383062357073221449e+00,5.383062357073221449e+00,5.383062357073221449e+00,5.383062357073221449e+00,5.383062357073221449e+00,5.383062357073221449e+00,5.383062357073221449e+00,5.383062357073221449e+00,5.383062357073221449e+00,5.383062357073221449e+00,5.383062357073221449e+00,5.383062357073221449e+00,5.383062357073221449e+00,5.383062357073221449e+00,5.383062357073221449e+00,4.744188088378237467e+00,3.027597882999078838e+00,3.027597882999078838e+00,2.955098528018087922e+00
1.843527188430255848e+01,1.843527188430255848e+01,1.843527188430255848e+01,1.843527188430255848e+01,1.843527188430255848e+01,1.843527188430255848e+01,1.843527188430255848e+01,1.843527188430255848e+01,1.843527188430255848e+01,1.843527188430255848e+01,1.843527188430255848e+01,1.843527188430255848e+01,1.843527188430255848e+01,1.843527188430255848e+01,1.843527188430255848e+01,1.843527188430255848e+01,1.843527188430255848e+01,1.843527188430255848e+01,1.843527188430255848e+01,1.843527188430255848e+01,1.843527188430255848e+01
