1.513676229946356067e+01,2.652602434459641945e+00,2.652602434459641945e+00,9.089140098562815684e-01,9.089140098562815684e-01,9.089140098562815684e-01,9.089140098562815684e-01,9.089140098562815684e-01,9.089140098562815684e-01,9.089140098562815684e-01,9.089140098562815684e-01,9.089140098562815684e-01,9.089140098562815684e-01,9.089140098562815684e-01,9.089140098562815684e-01,9.089140098562815684e-01,9.089140098562815684e-01,9.089140098562815684e-01,9.089140098562815684e-01,9.089140098562815684e-01,9.089140098562815684e-01
1.948512006289873000e+01,6.892806180811748007e+00,6.892806180811748007e+00,5.102015277147852856e+00,5.102015277147852856e+00,5.102015277147852856e+00,5.102015277147852856e+00,5.102015277147852856e+00,5.102015277147852856e+00,5.102015277147852856e+00,5.102015277147852856e+00,5.102015277147852856e+00,5.102015277147852856e+00,5.102015277147852856e+00,5.102015277147852856e+00,5.102015277147852856e+00,5.102015277147852856e+00,5.102015277147852856e+00,5.102015277147852856e+00,5.102015277147852856e+00,5.102015277147852856e+00
6.802468539619835219e+00,6.802468539619835219e+00,4.451261727475573693e+00,4.451261727475573693e+00,4.451261727475573693e+00,4.451261727475573693e+00,4.451261727475573693e+00,4.451261727475573693e+00,4.451261727475573693e+00,4.451261727475573693e+00,4.400464958953413941e+00,4.400464958953413941e+00,4.400464958953413941e+00,4.400464958953413941e+00,4.400464958953413941e+00,4.400464958953413941e+00,4.400464958953413941e+00,4.400464958953413941e+00,4.400464958953413941e+00,4.400464958953413941e+00,4.400464958953413941e+00
1.434859887684804924e+01,8.514302916919501030e+00,8.514302916919501030e+00,8.514302916919501030e+00,8.514302916919501030e+00,1.013737190584967696e+00,1.013737190584967696e+00,1.013737190584967696e+00,1.013737190584967696e+00,1.013737190584967696e+00,1.013737190584967696e+00,1.013737190584967696e+00,1.013737190584967696e+00,1.013737190584967696e+00,1.013737190584967696e+00,1.013737190584967696e+00,1.013737190584967696e+00,1.013737190584967696e+00,1.013737190584967696e+00,1.013737190584967696e+00,1.013737190584967696e+00
3.067613505143035102e+00,3.067613505143035102e+00,3.067613505143035102e+00,3.067613505143035102e+00,3.067613505143035102e+00,3.067613505143035102e+00,3.067613505143035102e+00,3.067613505143035102e+00,3.067613505143035102e+00,3.067613505143035102e+00,3.067613505143035102e+00,3.067613505143035102e+00,3.067613505143035102e+00,3.067613505143035102e+00,3.067613505143035102e+00,3.067613505143035102e+00,3.067613505143035102e+00,3.067613505143035102e+00,3.067613505143035102e+00,3.067613505143035102e+00,3.067613505143035102e+00
1.551413049639426944e+01,1.551413049639426944e+01,1.551413049639426944e+01,1.394541000260376151e+01,1.394541000260376151e+01,2.801305530532807175e+00,2.801305530532807175e+00,2.801305530532807175e+00,2.801305530532807175e+00,2.801305530532807175e+00,2.801305530532807175e+00,2.801305530532807175e+00,2.801305530532807175e+00,2.801305530532807175e+00,2.801305530532807175e+00,2.801305530532807175e+00,2.801305530532807175e+00,2.801305530532807175e+00,2.801305530532807175e+00,2.801305530532807175e+00,2.028404510492783697e+00
2.532226537349921536e+00,2.532226537349921536e+00,2.532226537349921536e+00,2.532226537349921536e+00,2.532226537349921536e+00,2.532226537349921536e+00,2.532226537349921536e+00,2.532226537349921536e+00,2.532226537349921536e+00,2.532226537349921536e+00,2.532226537349921536e+00,2.532226537349921536e+00,2.532226537349921536e+00,2.532226537349921536e+00,2.532226537349921536e+00,2.532226537349921536e+00,2.532226537349921536e+00,2.532226537349921536e+00,2.532226537349921536e+00,2.532226537349921536e+00,2.532226537349921536e+00
2.499512007542088909e+00,2.499512007542088909e+00,2.499512007542088909e+00,2.499512007542088909e+00,2.499512007542088909e+00,2.499512007542088909e+00,2.499512007542088909e+00,2.499512007542088909e+00,2.499512007542088909e+00,2.499512007542088909e+00,2.499512007542088909e+00,2.499512007542088909e+00,2.499512007542088909e+00,2.499512007542088909e+00,2.499512007542088909e+00,2.499512007542088909e+00,2.499512007542088909e+00,2.499512007542088909e+00,2.499512007542088909e+00,2.499512007542088909e+00,2.499512007542088909e+00
5.865096455221217031e-01,5.865096455221217031e-01,5.865096455221217031e-01,5.865096455221217031e-01,5.865096455221217031e-01,5.865096455221217031e-01,5.865096455221217031e-01,5.865096455221217031e-01,5.865096455221217031e-01,5.865096455221217031e-01,5.865096455221217031e-01,5.865096455221217031e-01,5.865096455221217031e-01,5.865096455221217031e-01,5.865096455221217031e-01,5.865096455221217031e-01,1.112602007479847055e-01,1.112602007479847055e-01,1.112602007479847055e-01,1.112602007479847055e-01,1.112602007479847055e-01
1.028825199428522907e+01,1.028825199428522907e+01,7.484147886570479358e+00,7.484147886570479358e+00,7.484147886570479358e+00,7.484147886570479358e+00,7.484147886570479358e+00,7.484147886570479358e+00,2.397523333657849864e+00,2.397523333657849864e+00,2.397523333657849864e+00,6.618472074650806336e-01,6.618472074650806336e-01,6.618472074650806336e-01,6.618472074650806336e-01,6.618472074650806336e-01,6.618472074650806336e-01,6.618472074650806336e-01,6.618472074650806336e-01,6.618472074650806336e-01,6.618472074650806336e-01
1.511124584903027213e+01,1.511124584903027213e+01,2.644565904937841161e+00,2.644565904937841161e+00,2.644565904937841161e+00,2.644565904937841161e+00,2.644565904937841161e+00,2.644565904937841161e+00,1.489553013498213119e+00,1.489553013498213119e+00,1.489553013498213119e+00,1.489553013498213119e+00,1.489553013498213119e+00,1.489553013498213119e+00,1.489553013498213119e+00,1.489553013498213119e+00,1.489553013498213119e+00,1.489553013498213119e+00,1.489553013498213119e+00,1.489553013498213119e+00,1.489553013498213119e+00
2.380412606450262647e+00,2.380412606450262647e+00,2.380412606450262647e+00,2.380412606450262647e+00,2.380412606450262647e+00,2.380412606450262647e+00,2.380412606450262647e+00,2.380412606450262647e+00,2.380412606450262647e+00,2.380412606450262647e+00,2.380412606450262647e+00,2.380412606450262647e+00,2.380412606450262647e+00,2.380412606450262647e+00,2.380412606450262647e+00,2.380412606450262647e+00,2.380412606450262647e+00,2.380412606450262647e+00,9.225525792618903542e-02,9.225525792618903542e-02,9.225525792618903542e-02
2.708285230052538495e+01,2.708285230052538495e+01,1.971078371134203255e+00,1.971078371134203255e+00,1.326546874714585655e+00,1.326546874714585655e+00,1.326546874714585655e+00,1.326546874714585655e+00,1.326546874714585655e+00,1.326546874714585655e+00,1.326546874714585655e+00,1.326546874714585655e+00,1.326546874714585655e+00,1.326546874714585655e+00,1.326546874714585655e+00,1.326546874714585655e+00,1.326546874714585655e+00,1.326546874714585655e+00,1.326546874714585655e+00,1.326546874714585655e+00,1.326546874714585655e+00
1.251566680872103809e+01,1.251566680872103809e+01,1.251566680872103809e+01,1.251566680872103809e+01,1.251566680872103809e+01,5.156766931748689942e+00,5.138520253625298295e+00,5.138520253625298295e+00,1.964937217978160733e-01,1.964937217978160733e-01,1.964937217978160733e-01,1.964937217978160733e-01,1.964937217978160733e-01,1.964937217978160733e-01,1.964937217978160733e-01,1.964937217978160733e-01,1.964937217978160733e-01,1.964937217978160733e-01,1.964937217978160733e-01,1.964937217978160733e-01,1.964937217978160733e-01
6.561466345229590047e+00,6.561466345229590047e+00,6.561466345229590047e+00,6.561466345229590047e+00,6.561466345229590047e+00,6.561466345229590047e+00,6.561466345229590047e+00,6.561466345229590047e+00,6.561466345229590047e+00,6.561466345229590047e+00,6.561466345229590047e+00,6.561466345229590047e+00,6.561466345229590047e+00,6.561466345229590047e+00,6.561466345229590047e+00,4.500282953153546650e+00,4.500282953153546650e+00,4.500282953153546650e+00,4.500282953153546650e+00,4.500282953153546650e+00,4.500282953153546650e+00
6.877875001534549781e+00,6.877875001534549781e+00,6.665018850310673315e+00,6.665018850310673315e+00,6.665018850310673315e+00,6.665018850310673315e+00,6.665018850310673315e+00,6.665018850310673315e+00,6.665018850310673315e+00,6.665018850310673315e+00,6.665018850310673315e+00,6.665018850310673315e+00,6.665018850310673315e+00,6.665018850310673315e+00,6.665018850310673315e+00,6.665018850310673315e+00,3.193314442612735782e+00,3.193314442612735782e+00,3.193314442612735782e+00,3.193314442612735782e+00,3.193314442612735782e+00
5.986996864018441222e-01,5.986996864018441222e-01,5.986996864018441222e-01,5.986996864018441222e-01,5.986996864018441222e-01,5.986996864018441222e-01,5.986996864018441222e-01,5.986996864018441222e-01,5.986996864018441222e-01,5.986996864018441222e-01,5.986996864018441222e-01,5.986996864018441222e-01,5.986996864018441222e-01,5.986996864018441222e-01,5.986996864018441222e-01,5.986996864018441222e-01,5.986996864018441222e-01,5.986996864018441222e-01,5.986996864018441222e-01,5.986996864018441222e-01,5.986996864018441222e-01
1.709089993163834009e+01,9.532968718601683156e-01,9.532968718601683156e-01,9.532968718601683156e-01,9.532968718601683156e-01,9.532968718601683156e-01,9.532968718601683156e-01,9.532968718601683156e-01,9.532968718601683156e-01,7.130250113485632202e-01,7.130250113485632202e-01,7.130250113485632202e-01,7.130250113485632202e-01,7.130250113485632202e-01,7.130250113485632202e-01,7.130250113485632202e-01,7.130250113485632202e-01,7.130250113485632202e-01,7.130250113485632202e-01,7.130250113485632202e-01,7.130250113485632202e-01
1.270306684876325498e+01,1.033809217483896958e+01,4.637058020986816187e-01,4.637058020986816187e-01,4.637058020986816187e-01,4.637058020986816187e-01,4.637058020986816187e-01,4.637058020986816187e-01,4.637058020986816187e-01,4.637058020986816187e-01,4.637058020986816187e-01,4.637058020986816187e-01,4.637058020986816187e-01,1.032250112939847031e-01,1.032250112939847031e-01,1.032250112939847031e-01,1.032250112939847031e-01,1.032250112939847031e-01,1.032250112939847031e-01,1.032250112939847031e-01,1.032250112939847031e-01
1.344761826701116325e+00,1.344761826701116325e+00,1.344761826701116325e+00,1.344761826701116325e+00,1.344761826701116325e+00,1.344761826701116325e+00,1.344761826701116325e+00,1.344761826701116325e+00,1.344761826701116325e+00,1.344761826701116325e+00,1.344761826701116325e+00,1.344761826701116325e+00,1.344761826701116325e+00,1.344761826701116325e+00,1.344761826701116325e+00,1.344761826701116325e+00,1.344761826701116325e+00,1.344761826701116325e+00,1.344761826701116325e+00,1.344761826701116325e+00,1.344761826701116325e+00
