1.513676229946356067e+01,1.257358106863522273e+01,6.693730503323148895e+00,2.550875674306643859e+00,1.704731446039842613e+00,1.704731446039842613e+00,1.704731446039842613e+00,9.360436372223397417e-01,9.360436372223397417e-01,8.493546910447977716e-01,6.014744866548279445e-01,2.108707280676895834e-01,2.108707280676895834e-01,2.108707280676895834e-01,2.108707280676895834e-01,2.108707280676895834e-01,2.108707280676895834e-01,2.108707280676895834e-01,2.108707280676895834e-01,2.108707280676895834e-01,2.108707280676895834e-01
1.948512006289873000e+01,1.948512006289873000e+01,2.664654273103042925e+00,2.664654273103042925e+00,2.664654273103042925e+00,1.637578584438380558e+00,1.637578584438380558e+00,1.637578584438380558e+00,1.637578584438380558e+00,1.637578584438380558e+00,1.637578584438380558e+00,1.637578584438380558e+00,1.637578584438380558e+00,1.637578584438380558e+00,1.637578584438380558e+00,1.637578584438380558e+00,1.637578584438380558e+00,1.637578584438380558e+00,1.637578584438380558e+00,1.637578584438380558e+00,1.637578584438380558e+00
6.802468539619835219e+00,6.802468539619835219e+00,1.579268677265501353e+00,1.579268677265501353e+00,1.688020597838477688e-01,1.688020597838477688e-01,1.688020597838477688e-01,1.688020597838477688e-01,1.688020597838477688e-01,1.688020597838477688e-01,1.688020597838477688e-01,1.688020597838477688e-01,1.688020597838477688e-01,1.688020597838477688e-01,1.688020597838477688e-01,1.688020597838477688e-01,1.688020597838477688e-01,1.688020597838477688e-01,1.688020597838477688e-01,1.688020597838477688e-01,1.688020597838477688e-01
1.434859887684804924e+01,1.434859887684804924e+01,1.280953726027695261e+01,3.425525322215287272e+00,3.425525322215287272e+00,3.160345640403889877e-01,3.160345640403889877e-01,3.160345640403889877e-01,3.160345640403889877e-01,9.716270699319826121e-02,9.716270699319826121e-02,9.716270699319826121e-02,9.716270699319826121e-02,9.716270699319826121e-02,9.716270699319826121e-02,9.716270699319826121e-02,9.716270699319826121e-02,9.716270699319826121e-02,9.716270699319826121e-02,9.716270699319826121e-02,9.716270699319826121e-02
3.067613505143035102e+00,1.182407503918889713e+00,1.182407503918889713e+00,1.169431814246763679e+00,1.169431814246763679e+00,1.169431814246763679e+00,1.169431814246763679e+00,1.169431814246763679e+00,1.169431814246763679e+00,1.169431814246763679e+00,1.169431814246763679e+00,1.169431814246763679e+00,1.169431814246763679e+00,1.169431814246763679e+00,1.169431814246763679e+00,1.169431814246763679e+00,1.169431814246763679e+00,1.169431814246763679e+00,1.169431814246763679e+00,1.169431814246763679e+00,1.169431814246763679e+00
1.551413049639426944e+01,1.217632373768884513e+01,9.001574487248849010e+00,9.001574487248849010e+00,3.171376214310757558e+00,3.171376214310757558e+00,3.171376214310757558e+00,3.171376214310757558e+00,3.171376214310757558e+00,3.171376214310757558e+00,3.171376214310757558e+00,3.171376214310757558e+00,3.171376214310757558e+00,3.171376214310757558e+00,3.171376214310757558e+00,3.171376214310757558e+00,2.171746716415177580e+00,2.171746716415177580e+00,1.359659567936879698e+00,1.359659567936879698e+00,1.359659567936879698e+00
2.532226537349921536e+00,2.532226537349921536e+00,2.532226537349921536e+00,2.532226537349921536e+00,1.377246896406107979e+00,1.377246896406107979e+00,1.377246896406107979e+00,1.377246896406107979e+00,1.282263489617655239e+00,1.282263489617655239e+00,1.282263489617655239e+00,1.282263489617655239e+00,1.282263489617655239e+00,1.282263489617655239e+00,1.282263489617655239e+00,1.282263489617655239e+00,1.282263489617655239e+00,1.282263489617655239e+00,1.282263489617655239e+00,1.282263489617655239e+00,1.282263489617655239e+00
2.499512007542088909e+00,2.499512007542088909e+00,1.556980185881036816e+00,2.824205869279374781e-01,2.824205869279374781e-01,2.824205869279374781e-01,2.824205869279374781e-01,2.824205869279374781e-01,2.824205869279374781e-01,2.824205869279374781e-01,2.824205869279374781e-01,2.824205869279374781e-01,2.824205869279374781e-01,1.406738834058947618e-01,1.406738834058947618e-01,1.406738834058947618e-01,8.343453609835037310e-02,8.343453609835037310e-02,8.343453609835037310e-02,8.343453609835037310e-02,8.343453609835037310e-02
5.865096455221217031e-01,5.865096455221217031e-01,5.865096455221217031e-01,5.865096455221217031e-01,2.229304071644989116e-01,2.229304071644989116e-01,2.229304071644989116e-01,2.229304071644989116e-01,2.229304071644989116e-01,2.229304071644989116e-01,2.229304071644989116e-01,2.229304071644989116e-01,2.229304071644989116e-01,2.816470813024251826e-02,2.816470813024251826e-02,2.816470813024251826e-02,2.816470813024251826e-02,2.816470813024251826e-02,2.816470813024251826e-02,2.816470813024251826e-02,2.816470813024251826e-02
1.028825199428522907e+01,1.003930475697298519e+01,1.003930475697298519e+01,9.548493107331003316e+00,7.236285416592113329e+00,1.783521731969616386e+00,1.783521731969616386e+00,1.783521731969616386e+00,8.378150586467747463e-01,8.378150586467747463e-01,8.378150586467747463e-01,8.378150586467747463e-01,8.378150586467747463e-01,8.378150586467747463e-01,8.378150586467747463e-01,8.378150586467747463e-01,8.378150586467747463e-01,3.094851214632492464e-01,3.094851214632492464e-01,3.094851214632492464e-01,3.094851214632492464e-01
1.511124584903027213e+01,1.511124584903027213e+01,1.128061233194258861e+01,1.128061233194258861e+01,4.122359281035978817e+00,1.943832167315087123e+00,7.903314674621778613e-01,7.903314674621778613e-01,7.903314674621778613e-01,7.903314674621778613e-01,7.903314674621778613e-01,3.334051340529441410e-01,3.334051340529441410e-01,3.334051340529441410e-01,3.334051340529441410e-01,3.334051340529441410e-01,3.334051340529441410e-01,3.334051340529441410e-01,1.397231949211916735e-01,1.397231949211916735e-01,1.397231949211916735e-01
2.380412606450262647e+00,2.380412606450262647e+00,1.452200354968151697e+00,1.452200354968151697e+00,8.672921709581042915e-01,4.531626323210785068e-01,4.531626323210785068e-01,4.531626323210785068e-01,4.531626323210785068e-01,4.531626323210785068e-01,4.531626323210785068e-01,2.890469433293186285e-01,2.890469433293186285e-01,2.890469433293186285e-01,7.212428349633791258e-02,7.212428349633791258e-02,7.212428349633791258e-02,7.212428349633791258e-02,7.212428349633791258e-02,7.212428349633791258e-02,7.212428349633791258e-02
2.708285230052538495e+01,2.091580642088800346e+01,1.428694804215814251e+01,5.366315466073484863e+00,5.366315466073484863e+00,4.226545504630868422e+00,4.226545504630868422e+00,2.297030665614246736e+00,2.297030665614246736e+00,1.883761921860372501e+00,1.883761921860372501e+00,1.883761921860372501e+00,1.883761921860372501e+00,1.883761921860372501e+00,1.883761921860372501e+00,1.883761921860372501e+00,1.883761921860372501e+00,1.883761921860372501e+00,1.883761921860372501e+00,1.883761921860372501e+00,1.883761921860372501e+00
1.251566680872103809e+01,1.251566680872103809e+01,9.538559521597143487e+00,7.869002691092646273e+00,5.248596501877583975e+00,4.760408809747516123e+00,3.002490617794294270e+00,9.165927055634743859e-01,9.165927055634743859e-01,9.165927055634743859e-01,9.165927055634743859e-01,9.165927055634743859e-01,9.165927055634743859e-01,9.165927055634743859e-01,3.612029216815277888e-01,3.612029216815277888e-01,3.612029216815277888e-01,3.612029216815277888e-01,3.612029216815277888e-01,3.612029216815277888e-01,3.612029216815277888e-01
6.561466345229590047e+00,6.561466345229590047e+00,6.561466345229590047e+00,6.561466345229590047e+00,5.590553645160323271e+00,4.407814602691283667e+00,2.560528691665703516e+00,2.219052496436460409e+00,2.219052496436460409e+00,4.637420213779668843e-01,4.637420213779668843e-01,3.198804534353796858e-01,3.198804534353796858e-01,3.198804534353796858e-01,3.198804534353796858e-01,3.198804534353796858e-01,3.198804534353796858e-01,3.198804534353796858e-01,1.462324005909138580e-01,1.462324005909138580e-01,1.462324005909138580e-01
6.877875001534549781e+00,3.214261332886088951e+00,2.973285918760620650e+00,4.449644884193870720e-01,4.449644884193870720e-01,4.449644884193870720e-01,4.449644884193870720e-01,4.449644884193870720e-01,4.449644884193870720e-01,4.449644884193870720e-01,4.355890730838406499e-01,4.355890730838406499e-01,4.355890730838406499e-01,4.355890730838406499e-01,4.355890730838406499e-01,4.355890730838406499e-01,4.355890730838406499e-01,4.355890730838406499e-01,4.355890730838406499e-01,4.355890730838406499e-01,4.355890730838406499e-01
5.986996864018441222e-01,5.986996864018441222e-01,1.144874807682930984e-01,1.144874807682930984e-01,1.144874807682930984e-01,1.144874807682930984e-01,4.245409186096567311e-02,4.245409186096567311e-02,4.245409186096567311e-02,4.245409186096567311e-02,4.245409186096567311e-02,4.245409186096567311e-02,4.245409186096567311e-02,4.245409186096567311e-02,4.245409186096567311e-02,4.245409186096567311e-02,4.245409186096567311e-02,4.245409186096567311e-02,4.245409186096567311e-02,4.245409186096567311e-02,4.245409186096567311e-02
1.709089993163834009e+01,1.143862093682445291e+01,5.550589802795300010e+00,4.863784077276321227e+00,1.492896289296060441e+00,1.167561301640064553e+00,1.167561301640064553e+00,3.598208915875580338e-01,3.598208915875580338e-01,3.598208915875580338e-01,3.598208915875580338e-01,3.598208915875580338e-01,3.598208915875580338e-01,3.598208915875580338e-01,3.598208915875580338e-01,3.598208915875580338e-01,3.598208915875580338e-01,3.598208915875580338e-01,2.054658806282321226e-01,2.054658806282321226e-01,2.054658806282321226e-01
1.270306684876325498e+01,1.270306684876325498e+01,1.270306684876325498e+01,1.075756383066620003e+01,7.044119300307695397e+00,6.467499631276858452e+00,2.165990966433588572e-01,2.165990966433588572e-01,2.165990966433588572e-01,2.165990966433588572e-01,2.165990966433588572e-01,2.165990966433588572e-01,2.165990966433588572e-01,2.165990966433588572e-01,2.165990966433588572e-01,2.165990966433588572e-01,2.165990966433588572e-01,2.165990966433588572e-01,2.165990966433588572e-01,2.165990966433588572e-01,2.165990966433588572e-01
1.344761826701116325e+00,1.344761826701116325e+00,9.110253719073456713e-01,9.110253719073456713e-01,9.110253719073456713e-01,9.110253719073456713e-01,3.766804926141203991e-01,3.766804926141203991e-01,3.766804926141203991e-01,3.766804926141203991e-01,3.766804926141203991e-01,3.766804926141203991e-01,3.766804926141203991e-01,3.766804926141203991e-01,3.766804926141203991e-01,3.766804926141203991e-01,3.766804926141203991e-01,3.766804926141203991e-01,1.128924811037490261e-01,1.128924811037490261e-01,1.128924811037490261e-01
