3.545196855107315415e+00,3.545196855107315415e+00,3.545196855107315415e+00,3.545196855107315415e+00,8.581927186510753813e-01,8.581927186510753813e-01,8.581927186510753813e-01,8.581927186510753813e-01,8.581927186510753813e-01,7.651208896804782000e-01,7.651208896804782000e-01,7.651208896804782000e-01,7.651208896804782000e-01,7.651208896804782000e-01,7.177742820613932651e-01,7.177742820613932651e-01,7.177742820613932651e-01,7.177742820613932651e-01,7.177742820613932651e-01,4.636320306096131105e-01,4.636320306096131105e-01
9.746850357467707227e+00,9.746850357467707227e+00,6.661072813522605607e+00,6.661072813522605607e+00,2.012924370751146164e+00,2.012924370751146164e+00,2.012924370751146164e+00,2.012924370751146164e+00,2.012924370751146164e+00,2.012924370751146164e+00,2.012924370751146164e+00,1.950506595383739494e+00,1.950506595383739494e+00,1.950506595383739494e+00,1.950506595383739494e+00,1.950506595383739494e+00,1.950506595383739494e+00,1.950506595383739494e+00,1.950506595383739494e+00,1.950506595383739494e+00,1.950506595383739494e+00
7.693125871351418787e+00,7.693125871351418787e+00,3.112512927423399134e+00,3.112512927423399134e+00,3.112512927423399134e+00,3.112512927423399134e+00,3.112512927423399134e+00,3.112512927423399134e+00,2.457691199288822403e+00,1.597534170350035865e+00,1.597534170350035865e+00,1.597534170350035865e+00,6.190725078803467341e-01,6.114969166207515627e-01,6.114969166207515627e-01,6.114969166207515627e-01,6.114969166207515627e-01,6.114969166207515627e-01,6.114969166207515627e-01,6.114969166207515627e-01,6.114969166207515627e-01
5.094302375041932507e+00,5.094302375041932507e+00,5.094302375041932507e+00,2.903248456758482199e+00,2.903248456758482199e+00,2.903248456758482199e+00,2.903248456758482199e+00,1.967440304591210776e+00,1.967440304591210776e+00,1.967440304591210776e+00,1.967440304591210776e+00,1.967440304591210776e+00,7.927559670373192091e-01,7.927559670373192091e-01,7.927559670373192091e-01,4.527952463535100947e-01,4.527952463535100947e-01,4.527952463535100947e-01,4.527952463535100947e-01,4.527952463535100947e-01,4.527952463535100947e-01
8.843966319397878806e+00,6.061210569360101275e+00,6.061210569360101275e+00,1.027678262463670222e+00,1.027678262463670222e+00,1.027678262463670222e+00,1.027678262463670222e+00,1.027678262463670222e+00,1.027678262463670222e+00,1.027678262463670222e+00,4.121993398787715535e-01,4.121993398787715535e-01,4.121993398787715535e-01,4.121993398787715535e-01,4.121993398787715535e-01,4.121993398787715535e-01,4.121993398787715535e-01,4.121993398787715535e-01,4.121993398787715535e-01,4.121993398787715535e-01,4.121993398787715535e-01
6.166339592124312929e+00,4.361928376010480335e+00,4.361928376010480335e+00,2.787810463255305571e+00,1.494729186088578743e+00,1.494729186088578743e+00,1.494729186088578743e+00,1.494729186088578743e+00,1.494729186088578743e+00,1.494729186088578743e+00,1.494729186088578743e+00,7.964012784080889418e-01,7.964012784080889418e-01,7.964012784080889418e-01,7.964012784080889418e-01,7.964012784080889418e-01,7.964012784080889418e-01,7.964012784080889418e-01,4.410473420254508170e-01,4.410473420254508170e-01,4.410473420254508170e-01
1.463105973244504909e+01,1.172749929021924764e+01,5.052889187984526131e+00,5.052889187984526131e+00,5.052889187984526131e+00,5.052889187984526131e+00,5.052889187984526131e+00,5.052889187984526131e+00,2.902759589721468636e+00,1.519782041718203303e+00,6.748311000540851978e-01,6.748311000540851978e-01,6.748311000540851978e-01,6.748311000540851978e-01,6.748311000540851978e-01,6.748311000540851978e-01,6.748311000540851978e-01,6.748311000540851978e-01,6.748311000540851978e-01,3.994200404040206820e-01,3.994200404040206820e-01
2.087576548445779778e+00,2.087576548445779778e+00,2.087576548445779778e+00,1.023457722897301636e+00,1.023457722897301636e+00,1.023457722897301636e+00,1.023457722897301636e+00,1.023457722897301636e+00,4.938943873499379578e-01,4.938943873499379578e-01,4.938943873499379578e-01,4.938943873499379578e-01,4.938943873499379578e-01,4.938943873499379578e-01,4.938943873499379578e-01,4.938943873499379578e-01,4.938943873499379578e-01,4.938943873499379578e-01,4.938943873499379578e-01,4.938943873499379578e-01,4.938943873499379578e-01
1.094298286285527055e+00,1.094298286285527055e+00,1.094298286285527055e+00,1.094298286285527055e+00,1.094298286285527055e+00,1.094298286285527055e+00,4.640212710631352877e-01,4.640212710631352877e-01,4.640212710631352877e-01,4.640212710631352877e-01,4.640212710631352877e-01,4.640212710631352877e-01,4.640212710631352877e-01,4.640212710631352877e-01,4.640212710631352877e-01,4.640212710631352877e-01,4.640212710631352877e-01,4.640212710631352877e-01,4.640212710631352877e-01,4.640212710631352877e-01,4.640212710631352877e-01
1.686375184037311570e+00,1.686375184037311570e+00,1.686375184037311570e+00,1.686375184037311570e+00,9.979609584377673315e-01,5.153839697752218285e-01,5.153839697752218285e-01,5.153839697752218285e-01,5.153839697752218285e-01,5.153839697752218285e-01,5.153839697752218285e-01,5.153839697752218285e-01,5.153839697752218285e-01,5.153839697752218285e-01,5.153839697752218285e-01,5.153839697752218285e-01,4.408536738972710367e-01,4.408536738972710367e-01,4.408536738972710367e-01,4.408536738972710367e-01,4.408536738972710367e-01
5.604303918368117365e+00,5.604303918368117365e+00,1.931256341832288115e+00,1.931256341832288115e+00,1.931256341832288115e+00,1.931256341832288115e+00,1.931256341832288115e+00,1.029999683529243981e+00,1.029999683529243981e+00,1.029999683529243981e+00,1.029999683529243981e+00,1.029999683529243981e+00,1.029999683529243981e+00,1.029999683529243981e+00,1.029999683529243981e+00,1.029999683529243981e+00,4.156956259231190387e-01,4.156956259231190387e-01,4.156956259231190387e-01,4.156956259231190387e-01,4.156956259231190387e-01
5.101854702066825453e+00,3.270365149439228958e+00,3.270365149439228958e+00,3.270365149439228958e+00,3.270365149439228958e+00,3.270365149439228958e+00,1.018752811035767536e+00,1.018752811035767536e+00,1.018752811035767536e+00,1.018752811035767536e+00,1.018752811035767536e+00,1.018752811035767536e+00,1.018752811035767536e+00,6.362712072400373842e-01,6.362712072400373842e-01,6.362712072400373842e-01,6.362712072400373842e-01,6.362712072400373842e-01,6.362712072400373842e-01,6.362712072400373842e-01,6.362712072400373842e-01
2.061964464423118315e+01,2.061964464423118315e+01,1.887777349706203722e+01,9.349911144924490713e+00,7.878009523486970700e+00,7.878009523486970700e+00,3.297051402551866239e+00,1.955828625891566475e+00,1.955828625891566475e+00,1.955828625891566475e+00,1.170617035852350440e+00,1.170617035852350440e+00,1.170617035852350440e+00,1.170617035852350440e+00,1.170617035852350440e+00,1.170617035852350440e+00,1.170617035852350440e+00,1.170617035852350440e+00,1.170617035852350440e+00,1.170617035852350440e+00,1.170617035852350440e+00
8.005729131539522925e+00,8.005729131539522925e+00,5.977187508209329536e+00,2.514201574708681441e+00,2.514201574708681441e+00,2.514201574708681441e+00,2.514201574708681441e+00,2.514201574708681441e+00,2.514201574708681441e+00,5.755699094931507886e-01,5.755699094931507886e-01,5.755699094931507886e-01,5.755699094931507886e-01,5.755699094931507886e-01,5.755699094931507886e-01,5.755699094931507886e-01,5.755699094931507886e-01,5.755699094931507886e-01,5.755699094931507886e-01,5.755699094931507886e-01,5.755699094931507886e-01
1.746895377936693805e+00,1.746895377936693805e+00,1.746895377936693805e+00,1.746895377936693805e+00,1.746895377936693805e+00,1.746895377936693805e+00,1.746895377936693805e+00,5.694040045898063340e-01,5.694040045898063340e-01,5.694040045898063340e-01,5.694040045898063340e-01,5.694040045898063340e-01,5.694040045898063340e-01,5.694040045898063340e-01,5.694040045898063340e-01,5.694040045898063340e-01,5.326534410221412941e-01,5.326534410221412941e-01,5.326534410221412941e-01,5.326534410221412941e-01,5.290158795625803378e-01
4.827708080693826176e+00,4.827708080693826176e+00,4.827708080693826176e+00,1.966582462670254827e+00,1.966582462670254827e+00,1.966582462670254827e+00,1.966582462670254827e+00,5.172876761090634545e-01,5.172876761090634545e-01,5.172876761090634545e-01,5.172876761090634545e-01,5.172876761090634545e-01,5.172876761090634545e-01,5.172876761090634545e-01,5.172876761090634545e-01,5.172876761090634545e-01,5.172876761090634545e-01,5.172876761090634545e-01,5.172876761090634545e-01,5.172876761090634545e-01,5.172876761090634545e-01
3.557262108599126726e+00,3.557262108599126726e+00,3.525956597029544781e+00,8.856174308158735187e-01,8.856174308158735187e-01,8.856174308158735187e-01,8.856174308158735187e-01,8.856174308158735187e-01,8.856174308158735187e-01,8.856174308158735187e-01,8.167324149134156386e-01,7.772264323367501504e-01,7.772264323367501504e-01,7.772264323367501504e-01,7.772264323367501504e-01,7.772264323367501504e-01,7.772264323367501504e-01,5.477681037444952494e-01,5.477681037444952494e-01,5.477681037444952494e-01,5.477681037444952494e-01
4.992503075044600891e+00,4.992503075044600891e+00,4.992503075044600891e+00,4.992503075044600891e+00,3.132173960754602859e+00,2.172485023752438238e+00,2.172485023752438238e+00,2.172485023752438238e+00,2.172485023752438238e+00,2.172485023752438238e+00,9.548407786937929131e-01,9.548407786937929131e-01,5.188898571202553711e-01,5.188898571202553711e-01,5.188898571202553711e-01,5.188898571202553711e-01,5.188898571202553711e-01,5.188898571202553711e-01,5.188898571202553711e-01,5.188898571202553711e-01,5.188898571202553711e-01
4.858243836947121252e+00,4.092872186184081329e+00,3.745796514356867668e+00,3.655434831578023847e+00,3.655434831578023847e+00,3.655434831578023847e+00,2.943698092224880547e+00,2.943698092224880547e+00,1.630127520401096319e+00,1.630127520401096319e+00,1.630127520401096319e+00,1.630127520401096319e+00,1.630127520401096319e+00,1.630127520401096319e+00,5.793260392181664997e-01,5.793260392181664997e-01,5.793260392181664997e-01,5.793260392181664997e-01,5.793260392181664997e-01,5.793260392181664997e-01,5.793260392181664997e-01
1.237863797389685772e+00,1.237863797389685772e+00,1.237863797389685772e+00,1.237863797389685772e+00,1.237863797389685772e+00,1.237863797389685772e+00,1.237863797389685772e+00,1.237863797389685772e+00,1.237863797389685772e+00,1.237863797389685772e+00,8.572325527125457256e-01,8.572325527125457256e-01,8.572325527125457256e-01,8.572325527125457256e-01,8.572325527125457256e-01,8.572325527125457256e-01,8.572325527125457256e-01,8.572325527125457256e-01,8.572325527125457256e-01,8.572325527125457256e-01,8.572325527125457256e-01
