1.123739488349553728e+00,1.123739488349553728e+00,8.090001748803733461e-01,8.090001748803733461e-01,8.090001748803733461e-01,8.090001748803733461e-01,8.090001748803733461e-01,8.090001748803733461e-01,8.090001748803733461e-01,8.090001748803733461e-01,8.090001748803733461e-01,8.090001748803733461e-01,8.090001748803733461e-01,8.090001748803733461e-01,8.090001748803733461e-01,8.090001748803733461e-01,4.905320713963363666e-01,4.905320713963363666e-01,2.551931282658290723e-01,1.623880792863003908e-01,1.623880792863003908e-01
9.786224436999179099e-01,9.786224436999179099e-01,9.786224436999179099e-01,1.200108787324733473e-01,1.200108787324733473e-01,1.200108787324733473e-01,1.200108787324733473e-01,1.200108787324733473e-01,1.200108787324733473e-01,1.200108787324733473e-01,1.200108787324733473e-01,1.200108787324733473e-01,1.200108787324733473e-01,1.200108787324733473e-01,1.200108787324733473e-01,1.200108787324733473e-01,1.200108787324733473e-01,1.200108787324733473e-01,1.200108787324733473e-01,1.200108787324733473e-01,1.200108787324733473e-01
2.554335564066173792e+00,2.151310687194394777e+00,2.151310687194394777e+00,6.402237041736750234e-01,6.402237041736750234e-01,6.402237041736750234e-01,6.402237041736750234e-01,6.402237041736750234e-01,6.402237041736750234e-01,6.402237041736750234e-01,6.402237041736750234e-01,6.402237041736750234e-01,6.402237041736750234e-01,6.402237041736750234e-01,6.402237041736750234e-01,6.402237041736750234e-01,6.402237041736750234e-01,6.402237041736750234e-01,6.402237041736750234e-01,6.402237041736750234e-01,6.402237041736750234e-01
3.034723081567749059e+00,2.870734100282705814e+00,2.870734100282705814e+00,2.683135989381256081e+00,2.683135989381256081e+00,1.671742369585808463e+00,1.033731124923520373e+00,1.033731124923520373e+00,1.033731124923520373e+00,6.703826133770205420e-01,6.703826133770205420e-01,6.703826133770205420e-01,6.703826133770205420e-01,6.703826133770205420e-01,6.703826133770205420e-01,6.703826133770205420e-01,6.703826133770205420e-01,6.703826133770205420e-01,2.498866459245060734e-01,2.498866459245060734e-01,2.498866459245060734e-01
2.265903093837675353e-01,1.797492631920417083e-01,1.797492631920417083e-01,1.797492631920417083e-01,1.797492631920417083e-01,1.797492631920417083e-01,1.797492631920417083e-01,1.797492631920417083e-01,1.797492631920417083e-01,1.797492631920417083e-01,1.797492631920417083e-01,1.797492631920417083e-01,1.797492631920417083e-01,1.797492631920417083e-01,1.797492631920417083e-01,1.797492631920417083e-01,1.797492631920417083e-01,1.797492631920417083e-01,1.797492631920417083e-01,1.797492631920417083e-01,1.797492631920417083e-01
1.976889765619293193e+00,8.600407820245613288e-02,8.600407820245613288e-02,8.600407820245613288e-02,8.600407820245613288e-02,8.600407820245613288e-02,8.600407820245613288e-02,8.600407820245613288e-02,8.600407820245613288e-02,8.600407820245613288e-02,8.600407820245613288e-02,8.600407820245613288e-02,8.600407820245613288e-02,8.600407820245613288e-02,8.600407820245613288e-02,8.600407820245613288e-02,8.600407820245613288e-02,3.273449525793048313e-03,3.273449525793048313e-03,3.273449525793048313e-03,3.273449525793048313e-03
3.289367688119603228e-01,3.289367688119603228e-01,3.289367688119603228e-01,3.289367688119603228e-01,3.289367688119603228e-01,3.289367688119603228e-01,3.289367688119603228e-01,3.289367688119603228e-01,3.289367688119603228e-01,3.289367688119603228e-01,3.289367688119603228e-01,3.289367688119603228e-01,3.289367688119603228e-01,3.289367688119603228e-01,3.289367688119603228e-01,3.289367688119603228e-01,3.289367688119603228e-01,3.289367688119603228e-01,3.289367688119603228e-01,3.289367688119603228e-01,3.289367688119603228e-01
9.330308313106012996e-02,9.330308313106012996e-02,9.330308313106012996e-02,9.330308313106012996e-02,9.330308313106012996e-02,9.330308313106012996e-02,9.330308313106012996e-02,9.330308313106012996e-02,9.330308313106012996e-02,9.330308313106012996e-02,9.330308313106012996e-02,9.330308313106012996e-02,9.330308313106012996e-02,9.330308313106012996e-02,9.330308313106012996e-02,9.330308313106012996e-02,9.330308313106012996e-02,9.330308313106012996e-02,9.330308313106012996e-02,9.330308313106012996e-02,9.330308313106012996e-02
6.848501770639441322e-01,7.693830660505285302e-02,7.693830660505285302e-02,7.693830660505285302e-02,7.693830660505285302e-02,7.693830660505285302e-02,7.693830660505285302e-02,7.693830660505285302e-02,7.693830660505285302e-02,7.693830660505285302e-02,7.693830660505285302e-02,7.693830660505285302e-02,7.693830660505285302e-02,7.693830660505285302e-02,7.693830660505285302e-02,7.693830660505285302e-02,7.693830660505285302e-02,7.693830660505285302e-02,7.693830660505285302e-02,7.693830660505285302e-02,7.693830660505285302e-02
1.988956638714424852e+00,2.336825523285100681e-01,2.336825523285100681e-01,2.336825523285100681e-01,2.336825523285100681e-01,2.336825523285100681e-01,6.707191956190318438e-02,6.707191956190318438e-02,6.707191956190318438e-02,6.707191956190318438e-02,6.707191956190318438e-02,6.707191956190318438e-02,6.707191956190318438e-02,6.707191956190318438e-02,6.707191956190318438e-02,6.707191956190318438e-02,6.707191956190318438e-02,6.707191956190318438e-02,6.707191956190318438e-02,6.707191956190318438e-02,6.707191956190318438e-02
7.547893886269124719e-01,7.547893886269124719e-01,7.547893886269124719e-01,7.547893886269124719e-01,7.547893886269124719e-01,7.547893886269124719e-01,7.547893886269124719e-01,7.547893886269124719e-01,7.547893886269124719e-01,7.547893886269124719e-01,7.547893886269124719e-01,7.547893886269124719e-01,7.547893886269124719e-01,7.547893886269124719e-01,7.547893886269124719e-01,7.547893886269124719e-01,7.547893886269124719e-01,7.547893886269124719e-01,7.547893886269124719e-01,7.547893886269124719e-01,7.547893886269124719e-01
2.933664014658089236e+00,2.933664014658089236e+00,1.022910275027492766e+00,1.022910275027492766e+00,1.022910275027492766e+00,1.022910275027492766e+00,1.022910275027492766e+00,1.001912320436317616e+00,1.001912320436317616e+00,1.001912320436317616e+00,1.054802866807323519e-01,1.054802866807323519e-01,1.054802866807323519e-01,1.054802866807323519e-01,1.054802866807323519e-01,1.054802866807323519e-01,1.054802866807323519e-01,1.054802866807323519e-01,1.054802866807323519e-01,1.054802866807323519e-01,1.054802866807323519e-01
4.581211569774430004e+00,4.581211569774430004e+00,4.581211569774430004e+00,1.667438109127370893e+00,5.678244425872329693e-01,5.678244425872329693e-01,5.678244425872329693e-01,5.678244425872329693e-01,5.678244425872329693e-01,5.678244425872329693e-01,5.678244425872329693e-01,5.678244425872329693e-01,5.678244425872329693e-01,5.678244425872329693e-01,5.678244425872329693e-01,5.678244425872329693e-01,5.678244425872329693e-01,5.678244425872329693e-01,5.678244425872329693e-01,5.678244425872329693e-01,5.678244425872329693e-01
3.254693706722271429e-01,2.424293530847305422e-01,2.424293530847305422e-01,2.424293530847305422e-01,2.424293530847305422e-01,2.424293530847305422e-01,2.424293530847305422e-01,2.424293530847305422e-01,2.424293530847305422e-01,2.424293530847305422e-01,2.424293530847305422e-01,2.424293530847305422e-01,2.424293530847305422e-01,2.424293530847305422e-01,2.424293530847305422e-01,2.424293530847305422e-01,2.424293530847305422e-01,2.424293530847305422e-01,2.424293530847305422e-01,2.424293530847305422e-01,2.424293530847305422e-01
1.663240601856732503e+00,3.946697311687469290e-01,3.946697311687469290e-01,3.946697311687469290e-01,2.138849097925759890e-01,2.138849097925759890e-01,4.688435809392356435e-02,4.688435809392356435e-02,4.688435809392356435e-02,4.688435809392356435e-02,4.688435809392356435e-02,4.688435809392356435e-02,4.688435809392356435e-02,4.688435809392356435e-02,4.688435809392356435e-02,4.688435809392356435e-02,4.688435809392356435e-02,4.688435809392356435e-02,4.688435809392356435e-02,3.644447892661763222e-02,3.072505881189434990e-02
1.138655027989607493e+00,1.014439732465645672e-01,1.014439732465645672e-01,1.014439732465645672e-01,1.014439732465645672e-01,1.014439732465645672e-01,1.014439732465645672e-01,1.014439732465645672e-01,1.014439732465645672e-01,1.014439732465645672e-01,1.014439732465645672e-01,1.014439732465645672e-01,4.325610348765928509e-02,4.325610348765928509e-02,4.325610348765928509e-02,4.325610348765928509e-02,4.325610348765928509e-02,4.325610348765928509e-02,4.325610348765928509e-02,4.325610348765928509e-02,4.325610348765928509e-02
4.052952084998064031e+00,4.052952084998064031e+00,4.052952084998064031e+00,3.688292964138074392e+00,3.688292964138074392e+00,3.688292964138074392e+00,3.688292964138074392e+00,3.688292964138074392e+00,3.688292964138074392e+00,3.688292964138074392e+00,3.688292964138074392e+00,2.084351286236263867e+00,2.005576343928818783e+00,8.843060674832146084e-01,8.176953132864122065e-01,2.091882930178088351e-01,5.171998993977573733e-02,5.171998993977573733e-02,5.171998993977573733e-02,5.171998993977573733e-02,5.171998993977573733e-02
4.524335751541498363e-01,4.524335751541498363e-01,4.524335751541498363e-01,4.524335751541498363e-01,4.524335751541498363e-01,4.524335751541498363e-01,4.524335751541498363e-01,4.524335751541498363e-01,4.524335751541498363e-01,4.524335751541498363e-01,4.524335751541498363e-01,4.524335751541498363e-01,4.524335751541498363e-01,4.524335751541498363e-01,4.524335751541498363e-01,4.524335751541498363e-01,4.524335751541498363e-01,4.524335751541498363e-01,4.524335751541498363e-01,4.524335751541498363e-01,4.524335751541498363e-01
3.768497050691910766e-01,3.768497050691910766e-01,3.768497050691910766e-01,3.768497050691910766e-01,3.768497050691910766e-01,2.716945494857926358e-01,2.716945494857926358e-01,2.716945494857926358e-01,2.716945494857926358e-01,2.067108489734434396e-01,2.067108489734434396e-01,2.056241337344513753e-01,2.025354178598214039e-01,2.014896845685497095e-01,2.009220879220717793e-01,2.009220879220717793e-01,2.009220879220717793e-01,2.009220879220717793e-01,2.009220879220717793e-01,2.009220879220717793e-01,2.009220879220717793e-01
4.016495471915926707e+00,4.016495471915926707e+00,4.016495471915926707e+00,3.504519733479973809e-01,3.504519733479973809e-01,3.504519733479973809e-01,3.504519733479973809e-01,3.504519733479973809e-01,3.504519733479973809e-01,1.627583326959695237e-02,1.627583326959695237e-02,1.627583326959695237e-02,1.627583326959695237e-02,1.627583326959695237e-02,1.627583326959695237e-02,1.627583326959695237e-02,1.627583326959695237e-02,1.627583326959695237e-02,1.627583326959695237e-02,1.627583326959695237e-02,1.627583326959695237e-02
