1.123739488349553728e+00,4.739982991426501813e-01,2.590316553123528931e-01,1.948961637031605687e-01,1.948961637031605687e-01,1.948961637031605687e-01,1.948961637031605687e-01,1.948961637031605687e-01,1.925241435702626791e-01,1.925241435702626791e-01,3.775360466553438765e-02,3.775360466553438765e-02,3.775360466553438765e-02,3.775360466553438765e-02,3.775360466553438765e-02,3.775360466553438765e-02,3.775360466553438765e-02,1.763003553188772707e-02,1.763003553188772707e-02,1.763003553188772707e-02,1.763003553188772707e-02
9.786224436999179099e-01,9.786224436999179099e-01,9.786224436999179099e-01,9.786224436999179099e-01,7.373925698254292227e-01,3.647959828676891614e-01,3.044059841319475268e-01,3.044059841319475268e-01,3.044059841319475268e-01,3.044059841319475268e-01,3.044059841319475268e-01,3.044059841319475268e-01,3.044059841319475268e-01,3.044059841319475268e-01,3.044059841319475268e-01,3.044059841319475268e-01,3.044059841319475268e-01,3.044059841319475268e-01,3.044059841319475268e-01,3.044059841319475268e-01,3.044059841319475268e-01
2.554335564066173792e+00,1.997418870460971219e+00,1.997418870460971219e+00,1.997418870460971219e+00,1.997418870460971219e+00,7.988320523079389668e-01,2.163962174557981788e-02,2.163962174557981788e-02,2.163962174557981788e-02,2.163962174557981788e-02,2.163962174557981788e-02,2.163962174557981788e-02,2.163962174557981788e-02,2.163962174557981788e-02,2.163962174557981788e-02,2.163962174557981788e-02,2.163962174557981788e-02,2.163962174557981788e-02,2.163962174557981788e-02,2.163962174557981788e-02,2.163962174557981788e-02
3.034723081567749059e+00,2.803052123426397646e+00,1.427606206460857452e+00,1.735397926738544983e-01,1.735397926738544983e-01,1.735397926738544983e-01,1.735397926738544983e-01,1.735397926738544983e-01,1.735397926738544983e-01,1.735397926738544983e-01,1.735397926738544983e-01,1.735397926738544983e-01,1.735397926738544983e-01,1.735397926738544983e-01,1.735397926738544983e-01,2.390548809279887180e-03,2.390548809279887180e-03,2.390548809279887180e-03,2.390548809279887180e-03,2.390548809279887180e-03,2.390548809279887180e-03
2.265903093837675353e-01,2.265903093837675353e-01,2.265903093837675353e-01,2.184125607003788627e-04,2.184125607003788627e-04,2.184125607003788627e-04,2.184125607003788627e-04,2.184125607003788627e-04,2.184125607003788627e-04,2.184125607003788627e-04,2.184125607003788627e-04,2.184125607003788627e-04,2.184125607003788627e-04,2.184125607003788627e-04,2.184125607003788627e-04,2.184125607003788627e-04,2.184125607003788627e-04,2.184125607003788627e-04,2.184125607003788627e-04,2.184125607003788627e-04,2.184125607003788627e-04
1.976889765619293193e+00,4.588075872530463784e-01,4.277529632827755113e-01,7.423846067315656438e-02,7.423846067315656438e-02,7.423846067315656438e-02,1.537866215715883063e-02,1.537866215715883063e-02,1.537866215715883063e-02,5.471568741209325258e-03,5.471568741209325258e-03,5.471568741209325258e-03,5.471568741209325258e-03,5.471568741209325258e-03,5.471568741209325258e-03,5.471568741209325258e-03,5.471568741209325258e-03,5.471568741209325258e-03,5.471568741209325258e-03,5.471568741209325258e-03,5.471568741209325258e-03
3.289367688119603228e-01,3.289367688119603228e-01,3.289367688119603228e-01,2.280412418403083008e-01,2.944324971663248719e-02,2.944324971663248719e-02,2.944324971663248719e-02,2.944324971663248719e-02,2.944324971663248719e-02,2.944324971663248719e-02,2.944324971663248719e-02,2.944324971663248719e-02,2.944324971663248719e-02,2.944324971663248719e-02,2.944324971663248719e-02,2.944324971663248719e-02,2.944324971663248719e-02,2.944324971663248719e-02,2.944324971663248719e-02,2.944324971663248719e-02,2.944324971663248719e-02
9.330308313106012996e-02,9.330308313106012996e-02,9.330308313106012996e-02,1.352394968116225546e-02,1.352394968116225546e-02,1.352394968116225546e-02,1.352394968116225546e-02,1.352394968116225546e-02,1.352394968116225546e-02,1.352394968116225546e-02,1.352394968116225546e-02,1.352394968116225546e-02,1.352394968116225546e-02,1.352394968116225546e-02,1.352394968116225546e-02,1.352394968116225546e-02,1.352394968116225546e-02,1.352394968116225546e-02,1.352394968116225546e-02,1.352394968116225546e-02,1.352394968116225546e-02
6.848501770639441322e-01,7.829030208155164650e-02,7.829030208155164650e-02,7.829030208155164650e-02,7.829030208155164650e-02,7.829030208155164650e-02,7.829030208155164650e-02,7.829030208155164650e-02,7.829030208155164650e-02,7.829030208155164650e-02,7.829030208155164650e-02,7.829030208155164650e-02,7.829030208155164650e-02,7.829030208155164650e-02,7.829030208155164650e-02,7.829030208155164650e-02,7.829030208155164650e-02,7.829030208155164650e-02,7.829030208155164650e-02,6.339476036947885862e-02,6.339476036947885862e-02
1.988956638714424852e+00,1.257700923859425446e+00,8.924938443410448952e-02,8.924938443410448952e-02,8.924938443410448952e-02,8.924938443410448952e-02,3.603295666117216356e-02,3.603295666117216356e-02,3.603295666117216356e-02,3.603295666117216356e-02,3.603295666117216356e-02,3.603295666117216356e-02,1.995152173209709806e-02,1.995152173209709806e-02,1.995152173209709806e-02,1.995152173209709806e-02,1.995152173209709806e-02,1.995152173209709806e-02,1.995152173209709806e-02,1.995152173209709806e-02,1.995152173209709806e-02
7.547893886269124719e-01,1.742631256289719210e-01,1.742631256289719210e-01,1.742631256289719210e-01,1.742631256289719210e-01,1.742631256289719210e-01,1.742631256289719210e-01,1.742631256289719210e-01,1.742631256289719210e-01,1.742631256289719210e-01,1.742631256289719210e-01,1.317399745587286286e-01,1.317399745587286286e-01,1.317399745587286286e-01,1.317399745587286286e-01,1.317399745587286286e-01,1.317399745587286286e-01,1.317399745587286286e-01,1.317399745587286286e-01,1.317399745587286286e-01,1.317399745587286286e-01
2.933664014658089236e+00,2.933664014658089236e+00,4.237872178034446380e-01,4.237872178034446380e-01,2.018831719159767668e-01,2.018831719159767668e-01,2.018831719159767668e-01,2.018831719159767668e-01,2.018831719159767668e-01,2.018831719159767668e-01,2.018831719159767668e-01,2.018831719159767668e-01,1.001475347342808131e-01,1.001475347342808131e-01,1.001475347342808131e-01,1.001475347342808131e-01,1.001475347342808131e-01,1.001475347342808131e-01,1.001475347342808131e-01,1.001475347342808131e-01,1.001475347342808131e-01
4.581211569774430004e+00,4.581211569774430004e+00,2.047446214196764647e+00,7.960308887805952471e-01,6.353727654778817957e-02,6.353727654778817957e-02,6.353727654778817957e-02,6.353727654778817957e-02,6.353727654778817957e-02,6.353727654778817957e-02,6.353727654778817957e-02,6.353727654778817957e-02,6.353727654778817957e-02,6.353727654778817957e-02,6.353727654778817957e-02,4.553012360864185266e-03,4.553012360864185266e-03,4.553012360864185266e-03,4.553012360864185266e-03,4.553012360864185266e-03,4.553012360864185266e-03
3.254693706722271429e-01,1.812426901136399426e-01,1.812426901136399426e-01,1.812426901136399426e-01,1.812426901136399426e-01,1.812426901136399426e-01,8.694606431983538386e-02,8.694606431983538386e-02,8.694606431983538386e-02,8.694606431983538386e-02,8.694606431983538386e-02,8.694606431983538386e-02,8.694606431983538386e-02,8.694606431983538386e-02,8.694606431983538386e-02,8.694606431983538386e-02,8.694606431983538386e-02,8.694606431983538386e-02,8.694606431983538386e-02,2.585363806858564581e-02,2.585363806858564581e-02
1.663240601856732503e+00,3.154227422903622680e-01,3.154227422903622680e-01,1.849997846025786541e-01,1.341621970679380826e-01,1.341621970679380826e-01,1.341621970679380826e-01,1.341621970679380826e-01,1.341621970679380826e-01,1.341621970679380826e-01,1.341621970679380826e-01,5.117362806053153690e-02,5.117362806053153690e-02,5.117362806053153690e-02,5.117362806053153690e-02,1.583386907317226033e-02,1.583386907317226033e-02,1.583386907317226033e-02,1.583386907317226033e-02,3.459581409982236729e-03,3.459581409982236729e-03
1.138655027989607493e+00,4.714327087794175503e-02,4.714327087794175503e-02,4.714327087794175503e-02,4.714327087794175503e-02,4.714327087794175503e-02,1.310682309205690212e-02,1.310682309205690212e-02,1.310682309205690212e-02,1.310682309205690212e-02,1.259273958362072676e-02,6.378637085857420501e-03,6.378637085857420501e-03,6.378637085857420501e-03,2.842476043069329383e-03,2.842476043069329383e-03,2.603779251276508791e-03,2.603779251276508791e-03,2.603779251276508791e-03,2.603779251276508791e-03,2.603779251276508791e-03
4.052952084998064031e+00,4.052952084998064031e+00,4.052952084998064031e+00,4.052952084998064031e+00,4.052952084998064031e+00,4.052952084998064031e+00,3.410390175489319553e+00,3.410390175489319553e+00,3.410390175489319553e+00,3.410390175489319553e+00,3.410390175489319553e+00,3.410390175489319553e+00,3.410390175489319553e+00,3.410390175489319553e+00,3.138671347440948001e+00,3.096513693412457968e+00,3.096513693412457968e+00,3.096513693412457968e+00,3.096513693412457968e+00,2.698530153594947301e+00,2.698530153594947301e+00
4.524335751541498363e-01,3.806162234614687140e-02,3.806162234614687140e-02,3.806162234614687140e-02,3.806162234614687140e-02,3.806162234614687140e-02,3.806162234614687140e-02,3.806162234614687140e-02,3.806162234614687140e-02,3.806162234614687140e-02,3.806162234614687140e-02,3.806162234614687140e-02,3.806162234614687140e-02,3.806162234614687140e-02,3.806162234614687140e-02,3.806162234614687140e-02,3.806162234614687140e-02,3.806162234614687140e-02,3.806162234614687140e-02,3.806162234614687140e-02,1.292294757593102439e-03
3.768497050691910766e-01,3.768497050691910766e-01,3.768497050691910766e-01,3.768497050691910766e-01,3.579676231501809913e-01,3.579676231501809913e-01,3.579676231501809913e-01,2.201378276490389418e-01,6.369166255145605748e-02,6.369166255145605748e-02,6.369166255145605748e-02,6.284222302774210289e-02,6.284222302774210289e-02,6.284222302774210289e-02,6.284222302774210289e-02,6.284222302774210289e-02,4.669673939414048514e-02,4.669673939414048514e-02,3.928438222636389254e-02,3.710334385605235791e-02,3.710334385605235791e-02
4.016495471915926707e+00,3.481245384738110182e+00,2.699192654378236522e+00,2.699192654378236522e+00,2.699192654378236522e+00,2.288666452727815770e+00,2.288666452727815770e+00,2.288666452727815770e+00,2.288666452727815770e+00,2.269662777338744775e+00,2.269662777338744775e+00,1.428594015420999508e+00,1.383199373891714101e+00,1.077474051055928861e+00,1.048839663291375235e+00,1.026312292877183285e+00,1.026312292877183285e+00,1.026312292877183285e+00,1.026312292877183285e+00,1.026312292877183285e+00,1.026312292877183285e+00
