4.154106802307819635e+01,4.154106802307819635e+01,4.154106802307819635e+01,4.154106802307819635e+01,3.378502832173790438e+01,6.376314873315946485e+00,6.376314873315946485e+00,6.376314873315946485e+00,6.376314873315946485e+00,6.376314873315946485e+00,7.573836639948019478e-01,7.573836639948019478e-01,7.573836639948019478e-01,7.573836639948019478e-01,7.573836639948019478e-01,7.573836639948019478e-01,7.573836639948019478e-01,7.573836639948019478e-01,7.290017942001790763e-01,7.290017942001790763e-01,7.290017942001790763e-01
3.333155933014715089e+01,3.333155933014715089e+01,3.333155933014715089e+01,3.473419597176031992e+00,3.473419597176031992e+00,3.473419597176031992e+00,3.473419597176031992e+00,2.699603024326739042e+00,1.533388153086337802e+00,1.533388153086337802e+00,1.533388153086337802e+00,1.533388153086337802e+00,1.525658624631321736e+00,1.525658624631321736e+00,1.525658624631321736e+00,1.525658624631321736e+00,1.525658624631321736e+00,4.907589054693328179e-01,4.907589054693328179e-01,4.907589054693328179e-01,4.907589054693328179e-01
1.371020693686287117e+01,1.371020693686287117e+01,1.371020693686287117e+01,1.371020693686287117e+01,1.371020693686287117e+01,1.371020693686287117e+01,1.371020693686287117e+01,1.371020693686287117e+01,1.371020693686287117e+01,1.371020693686287117e+01,1.371020693686287117e+01,1.371020693686287117e+01,1.371020693686287117e+01,1.371020693686287117e+01,1.371020693686287117e+01,1.371020693686287117e+01,1.371020693686287117e+01,1.371020693686287117e+01,3.577706956748848199e+00,3.577706956748848199e+00,3.577706956748848199e+00
4.872037908536225359e+01,4.872037908536225359e+01,5.733374987507148468e+00,5.733374987507148468e+00,5.733374987507148468e+00,5.733374987507148468e+00,5.733374987507148468e+00,5.733374987507148468e+00,1.881719587214587319e+00,1.881719587214587319e+00,1.881719587214587319e+00,1.881719587214587319e+00,1.881719587214587319e+00,1.881719587214587319e+00,1.881719587214587319e+00,1.881719587214587319e+00,1.881719587214587319e+00,1.881719587214587319e+00,1.881719587214587319e+00,1.881719587214587319e+00,1.881719587214587319e+00
5.802659522631379332e+02,1.238665508470797363e+02,3.339415584628883238e+01,3.339415584628883238e+01,3.339415584628883238e+01,3.339415584628883238e+01,2.138120285093692985e+01,2.138120285093692985e+01,2.138120285093692985e+01,2.138120285093692985e+01,2.138120285093692985e+01,2.138120285093692985e+01,2.138120285093692985e+01,2.138120285093692985e+01,2.138120285093692985e+01,2.138120285093692985e+01,2.138120285093692985e+01,5.642378745869734702e-02,5.642378745869734702e-02,5.642378745869734702e-02,5.642378745869734702e-02
3.619509440071028372e+00,3.619509440071028372e+00,3.619509440071028372e+00,3.619509440071028372e+00,3.619509440071028372e+00,3.619509440071028372e+00,3.619509440071028372e+00,3.619509440071028372e+00,3.619509440071028372e+00,3.619509440071028372e+00,3.619509440071028372e+00,2.320966582853073668e+00,2.320966582853073668e+00,2.320966582853073668e+00,1.597016840999125331e-01,1.597016840999125331e-01,1.597016840999125331e-01,1.597016840999125331e-01,1.597016840999125331e-01,1.597016840999125331e-01,1.597016840999125331e-01
1.291750889247879002e+02,7.350193122237418208e+01,1.232780175030059766e+01,1.232780175030059766e+01,1.232780175030059766e+01,1.232780175030059766e+01,1.232780175030059766e+01,1.232780175030059766e+01,2.457471277318732827e+00,2.457471277318732827e+00,2.457471277318732827e+00,2.457471277318732827e+00,2.457471277318732827e+00,2.026743549452267423e+00,2.026743549452267423e+00,2.026743549452267423e+00,2.026743549452267423e+00,2.026743549452267423e+00,2.026743549452267423e+00,2.026743549452267423e+00,2.026743549452267423e+00
3.409589054901483784e+00,3.409589054901483784e+00,3.409589054901483784e+00,3.409589054901483784e+00,3.409589054901483784e+00,3.409589054901483784e+00,3.409589054901483784e+00,2.462749904196394723e+00,9.551072294708280452e-01,9.551072294708280452e-01,9.551072294708280452e-01,9.551072294708280452e-01,9.551072294708280452e-01,9.551072294708280452e-01,9.551072294708280452e-01,9.551072294708280452e-01,9.551072294708280452e-01,9.551072294708280452e-01,9.551072294708280452e-01,9.551072294708280452e-01,9.551072294708280452e-01
1.565763887301855846e+02,1.565763887301855846e+02,1.565763887301855846e+02,3.809678882292210744e+01,3.809678882292210744e+01,2.601832406588965796e+01,2.601832406588965796e+01,2.601832406588965796e+01,2.601832406588965796e+01,3.388421909196198456e+00,3.388421909196198456e+00,8.721744042658249318e-01,8.721744042658249318e-01,8.721744042658249318e-01,8.721744042658249318e-01,1.281065768666494187e-01,1.281065768666494187e-01,1.281065768666494187e-01,1.281065768666494187e-01,1.281065768666494187e-01,1.281065768666494187e-01
7.814563641281749184e+00,4.499276322863186017e+00,4.499276322863186017e+00,4.499276322863186017e+00,4.499276322863186017e+00,4.499276322863186017e+00,4.499276322863186017e+00,4.499276322863186017e+00,4.499276322863186017e+00,4.499276322863186017e+00,4.499276322863186017e+00,2.900258569747008686e+00,2.900258569747008686e+00,2.900258569747008686e+00,2.900258569747008686e+00,2.900258569747008686e+00,2.900258569747008686e+00,2.900258569747008686e+00,2.900258569747008686e+00,2.900258569747008686e+00,2.900258569747008686e+00
1.102910525904433428e+02,1.102910525904433428e+02,1.102910525904433428e+02,1.102910525904433428e+02,1.102910525904433428e+02,5.370267992900684106e+01,2.225877689633321665e+01,4.615024778392310623e+00,4.615024778392310623e+00,4.615024778392310623e+00,4.615024778392310623e+00,3.788661559724459948e+00,3.788661559724459948e+00,3.788661559724459948e+00,3.788661559724459948e+00,3.788661559724459948e+00,3.788661559724459948e+00,3.788661559724459948e+00,3.788661559724459948e+00,3.788661559724459948e+00,3.788661559724459948e+00
7.247655769522492619e+01,7.247655769522492619e+01,7.247655769522492619e+01,7.247655769522492619e+01,7.247655769522492619e+01,7.247655769522492619e+01,7.247655769522492619e+01,7.247655769522492619e+01,4.683654574081717215e+01,4.683654574081717215e+01,1.123271735214022371e+01,6.679800201190910336e+00,2.711390887089924817e+00,2.061952013125633698e+00,2.061952013125633698e+00,2.061952013125633698e+00,2.061952013125633698e+00,2.061952013125633698e+00,2.061952013125633698e+00,2.061952013125633698e+00,2.061952013125633698e+00
1.106817206673516921e+03,3.641219758551882251e+02,4.928846206149211184e+01,1.546136204511424062e+01,1.546136204511424062e+01,1.546136204511424062e+01,1.546136204511424062e+01,1.546136204511424062e+01,1.546136204511424062e+01,9.079426783176529625e+00,9.079426783176529625e+00,5.692465593793084588e-01,5.692465593793084588e-01,5.692465593793084588e-01,5.692465593793084588e-01,5.692465593793084588e-01,5.692465593793084588e-01,5.692465593793084588e-01,5.692465593793084588e-01,5.692465593793084588e-01,5.692465593793084588e-01
1.338244116138929769e+02,1.338244116138929769e+02,1.307192540576913018e+02,1.307192540576913018e+02,8.615994329909189275e+01,3.544856736942172404e+00,3.544856736942172404e+00,3.544856736942172404e+00,3.544856736942172404e+00,3.544856736942172404e+00,3.544856736942172404e+00,3.544856736942172404e+00,3.544856736942172404e+00,3.544856736942172404e+00,3.544856736942172404e+00,3.544856736942172404e+00,3.544856736942172404e+00,3.038165177845289833e+00,3.038165177845289833e+00,3.038165177845289833e+00,3.038165177845289833e+00
1.457730875711331919e+03,1.457730875711331919e+03,1.457730875711331919e+03,1.069071028443540172e+03,2.236298485007989996e+02,2.236298485007989996e+02,1.866398525787552609e+00,1.866398525787552609e+00,1.866398525787552609e+00,1.866398525787552609e+00,1.866398525787552609e+00,1.866398525787552609e+00,1.866398525787552609e+00,1.866398525787552609e+00,1.866398525787552609e+00,1.866398525787552609e+00,1.866398525787552609e+00,1.866398525787552609e+00,1.866398525787552609e+00,1.866398525787552609e+00,1.866398525787552609e+00
8.983800410020262461e+01,8.983800410020262461e+01,8.983800410020262461e+01,8.815371105848480227e+01,5.974233544801589346e+01,5.974233544801589346e+01,5.322898140396044475e+00,5.322898140396044475e+00,1.940649679849398179e+00,1.940649679849398179e+00,1.940649679849398179e+00,1.940649679849398179e+00,1.940649679849398179e+00,1.940649679849398179e+00,1.940649679849398179e+00,1.940649679849398179e+00,1.940649679849398179e+00,1.940649679849398179e+00,1.940649679849398179e+00,1.940649679849398179e+00,1.940649679849398179e+00
1.059747565601936259e+02,1.059747565601936259e+02,7.423079717124052479e+01,2.612342684495634781e+00,2.612342684495634781e+00,2.612342684495634781e+00,2.612342684495634781e+00,9.876470510484263166e-01,9.876470510484263166e-01,9.876470510484263166e-01,9.876470510484263166e-01,9.876470510484263166e-01,9.876470510484263166e-01,9.876470510484263166e-01,9.876470510484263166e-01,9.876470510484263166e-01,9.876470510484263166e-01,9.876470510484263166e-01,9.876470510484263166e-01,9.876470510484263166e-01,9.876470510484263166e-01
4.682622884014267406e+00,4.682622884014267406e+00,4.682622884014267406e+00,4.682622884014267406e+00,4.682622884014267406e+00,4.682622884014267406e+00,4.682622884014267406e+00,4.682622884014267406e+00,4.682622884014267406e+00,4.682622884014267406e+00,4.682622884014267406e+00,4.682622884014267406e+00,3.991006933332090778e+00,3.991006933332090778e+00,3.991006933332090778e+00,3.991006933332090778e+00,3.991006933332090778e+00,3.991006933332090778e+00,3.991006933332090778e+00,3.991006933332090778e+00,3.991006933332090778e+00
1.263328423552816417e+02,1.129990201943511039e+02,1.129990201943511039e+02,4.318828358018949132e+01,4.318828358018949132e+01,4.318828358018949132e+01,4.318828358018949132e+01,4.318828358018949132e+01,4.318828358018949132e+01,4.318828358018949132e+01,4.318828358018949132e+01,4.318828358018949132e+01,4.318828358018949132e+01,1.457066111896774174e+01,1.457066111896774174e+01,1.457066111896774174e+01,1.457066111896774174e+01,1.457066111896774174e+01,1.457066111896774174e+01,1.457066111896774174e+01,1.457066111896774174e+01
5.214664961759222024e+02,4.286163616158593186e+02,4.286163616158593186e+02,5.315519382857588226e+01,7.058875239159426940e+00,7.058875239159426940e+00,7.058875239159426940e+00,7.058875239159426940e+00,7.058875239159426940e+00,7.058875239159426940e+00,5.780632877502126732e+00,5.780632877502126732e+00,5.780632877502126732e+00,5.780632877502126732e+00,4.378405477431183357e+00,4.378405477431183357e+00,3.688269779804611570e-01,3.688269779804611570e-01,3.688269779804611570e-01,3.688269779804611570e-01,3.688269779804611570e-01
