3.545196855107315415e+00,3.545196855107315415e+00,2.315869339859008669e+00,9.037962044830322172e-01,4.851818169708251860e-01,4.851818169708251860e-01,4.851818169708251860e-01,4.310884560699462797e-01,4.310884560699462797e-01,4.310884560699462797e-01,4.310884560699462797e-01,4.310884560699462797e-01,4.310884560699462797e-01,4.310884560699462797e-01,4.310884560699462797e-01,4.310884560699462797e-01,4.310884560699462797e-01,4.310884560699462797e-01,4.310884560699462797e-01,4.149589623565673735e-01,4.149589623565673735e-01
9.746850357467707227e+00,9.746850357467707227e+00,9.746850357467707227e+00,4.479141959106445192e+00,2.165753373062133669e+00,2.165753373062133669e+00,1.944056519424438356e+00,1.944056519424438356e+00,1.944056519424438356e+00,1.944056519424438356e+00,1.944056519424438356e+00,1.944056519424438356e+00,1.944056519424438356e+00,1.944056519424438356e+00,1.944056519424438356e+00,1.944056519424438356e+00,1.944056519424438356e+00,1.944056519424438356e+00,1.944056519424438356e+00,6.121339882965087797e-01,6.121339882965087797e-01
7.693125871351418787e+00,6.733908423339843630e+00,1.870106705581664919e+00,1.870106705581664919e+00,1.330395707046508669e+00,1.330395707046508669e+00,7.390918816680908110e-01,4.098424996490478422e-01,4.098424996490478422e-01,4.098424996490478422e-01,4.044017876739501860e-01,4.044017876739501860e-01,4.044017876739501860e-01,4.044017876739501860e-01,4.044017876739501860e-01,4.044017876739501860e-01,4.044017876739501860e-01,4.044017876739501860e-01,4.044017876739501860e-01,4.044017876739501860e-01,4.044017876739501860e-01
5.094302375041932507e+00,5.094302375041932507e+00,5.094302375041932507e+00,5.094302375041932507e+00,4.151697167312621950e+00,5.298519219512939360e-01,5.298519219512939360e-01,4.534339989776611235e-01,4.534339989776611235e-01,4.534339989776611235e-01,4.417400445098876860e-01,4.176263894195556547e-01,4.176263894195556547e-01,4.176263894195556547e-01,4.176263894195556547e-01,4.176263894195556547e-01,4.176263894195556547e-01,4.176263894195556547e-01,4.176263894195556547e-01,4.176263894195556547e-01,4.176263894195556547e-01
8.843966319397878806e+00,8.843966319397878806e+00,1.812402733718871950e+00,1.452653893386840700e+00,1.452653893386840700e+00,8.331928338165283110e-01,8.331928338165283110e-01,5.800438012237548735e-01,5.800438012237548735e-01,4.786100472564697172e-01,4.786100472564697172e-01,4.786100472564697172e-01,4.786100472564697172e-01,4.786100472564697172e-01,4.786100472564697172e-01,4.786100472564697172e-01,4.786100472564697172e-01,4.786100472564697172e-01,4.786100472564697172e-01,4.786100472564697172e-01,4.786100472564697172e-01
6.166339592124312929e+00,1.650495537673950075e+00,1.650495537673950075e+00,1.650495537673950075e+00,1.192573555862426637e+00,6.251278008575439360e-01,4.322176064605712797e-01,4.095821465606689360e-01,4.095821465606689360e-01,4.095821465606689360e-01,4.095821465606689360e-01,4.095821465606689360e-01,4.095821465606689360e-01,4.095821465606689360e-01,4.095821465606689360e-01,4.095821465606689360e-01,4.095821465606689360e-01,4.095821465606689360e-01,4.095821465606689360e-01,4.095821465606689360e-01,4.095821465606689360e-01
1.463105973244504909e+01,7.013643988525390505e+00,6.148986586486816286e+00,1.833523758804321169e+00,1.556509980117797731e+00,8.096036996002197172e-01,7.984628762359619047e-01,7.984628762359619047e-01,7.984628762359619047e-01,7.984628762359619047e-01,7.436161126251220610e-01,7.436161126251220610e-01,7.436161126251220610e-01,7.436161126251220610e-01,7.436161126251220610e-01,4.138336266632079985e-01,4.138336266632079985e-01,4.138336266632079985e-01,4.138336266632079985e-01,4.138336266632079985e-01,4.138336266632079985e-01
2.087576548445779778e+00,2.087576548445779778e+00,2.087576548445779778e+00,9.185419167633056547e-01,9.185419167633056547e-01,9.185419167633056547e-01,9.185419167633056547e-01,6.451397027130126860e-01,6.451397027130126860e-01,6.451397027130126860e-01,6.451397027130126860e-01,5.365181054229736235e-01,5.365181054229736235e-01,5.365181054229736235e-01,5.365181054229736235e-01,4.171896065826415922e-01,4.113826836700439360e-01,4.113826836700439360e-01,4.113826836700439360e-01,4.113826836700439360e-01,4.113826836700439360e-01
1.094298286285527055e+00,1.094298286285527055e+00,7.225265587921142485e-01,7.225265587921142485e-01,7.225265587921142485e-01,5.050458993072509672e-01,5.050458993072509672e-01,5.050458993072509672e-01,5.050458993072509672e-01,5.050458993072509672e-01,4.969358529205322172e-01,4.969358529205322172e-01,4.969358529205322172e-01,4.969358529205322172e-01,4.698896493072509672e-01,4.698896493072509672e-01,4.248218621368408110e-01,4.248218621368408110e-01,4.248218621368408110e-01,4.248218621368408110e-01,4.248218621368408110e-01
1.686375184037311570e+00,1.686375184037311570e+00,1.686375184037311570e+00,1.686375184037311570e+00,9.475088204498290922e-01,5.625324334259033110e-01,5.625324334259033110e-01,5.625324334259033110e-01,5.625324334259033110e-01,5.625324334259033110e-01,5.625324334259033110e-01,4.469356621856689360e-01,4.469356621856689360e-01,4.469356621856689360e-01,4.469356621856689360e-01,4.469356621856689360e-01,4.469356621856689360e-01,4.469356621856689360e-01,4.469356621856689360e-01,4.469356621856689360e-01,4.469356621856689360e-01
5.604303918368117365e+00,5.604303918368117365e+00,1.631988533889770387e+00,1.631988533889770387e+00,1.631988533889770387e+00,9.244947518463134672e-01,4.616499032135009672e-01,4.000749673004150297e-01,4.000749673004150297e-01,4.000749673004150297e-01,4.000749673004150297e-01,4.000749673004150297e-01,4.000749673004150297e-01,4.000749673004150297e-01,4.000749673004150297e-01,4.000749673004150297e-01,4.000749673004150297e-01,4.000749673004150297e-01,4.000749673004150297e-01,4.000749673004150297e-01,4.000749673004150297e-01
5.101854702066825453e+00,5.101854702066825453e+00,5.101854702066825453e+00,5.101854702066825453e+00,2.699163445388793825e+00,2.069091328536987184e+00,2.069091328536987184e+00,1.533875473892211794e+00,9.954252328033447172e-01,6.302032555694579985e-01,6.018886651153564360e-01,6.018886651153564360e-01,6.018886651153564360e-01,6.018886651153564360e-01,6.018886651153564360e-01,6.018886651153564360e-01,4.294891442413329985e-01,4.294891442413329985e-01,4.043951119537353422e-01,4.043951119537353422e-01,4.043951119537353422e-01
2.061964464423118315e+01,8.939536818420410924e+00,8.939536818420410924e+00,8.939536818420410924e+00,8.939536818420410924e+00,2.088233479415893434e+00,2.088233479415893434e+00,1.943438538467407106e+00,8.802528466339111235e-01,8.802528466339111235e-01,8.802528466339111235e-01,8.802528466339111235e-01,6.524286355133056547e-01,6.524286355133056547e-01,5.322523202056884672e-01,5.322523202056884672e-01,4.050216759796142485e-01,4.050216759796142485e-01,4.050216759796142485e-01,4.050216759796142485e-01,4.050216759796142485e-01
8.005729131539522925e+00,8.005729131539522925e+00,8.005729131539522925e+00,5.696972617065429567e+00,4.803458937561035036e+00,4.803458937561035036e+00,4.803458937561035036e+00,4.803458937561035036e+00,4.803458937561035036e+00,2.031392105972289919e+00,4.330320443267822172e-01,4.330320443267822172e-01,4.330320443267822172e-01,4.330320443267822172e-01,3.995533074493408110e-01,3.995533074493408110e-01,3.995533074493408110e-01,3.995533074493408110e-01,3.995533074493408110e-01,3.995533074493408110e-01,3.995533074493408110e-01
1.746895377936693805e+00,1.746895377936693805e+00,5.379533852691650297e-01,5.379533852691650297e-01,4.146013344879150297e-01,4.146013344879150297e-01,4.146013344879150297e-01,4.146013344879150297e-01,4.146013344879150297e-01,4.146013344879150297e-01,4.146013344879150297e-01,3.979301537628173735e-01,3.979301537628173735e-01,3.979301537628173735e-01,3.979301537628173735e-01,3.979301537628173735e-01,3.979301537628173735e-01,3.979301537628173735e-01,3.979301537628173735e-01,3.979301537628173735e-01,3.979301537628173735e-01
4.827708080693826176e+00,4.827708080693826176e+00,4.827708080693826176e+00,2.062151917373657106e+00,1.186167725479125856e+00,8.636732186431884672e-01,8.636732186431884672e-01,8.636732186431884672e-01,8.636732186431884672e-01,8.636732186431884672e-01,8.636732186431884672e-01,6.751489724273681547e-01,6.751489724273681547e-01,6.751489724273681547e-01,6.751489724273681547e-01,6.751489724273681547e-01,6.751489724273681547e-01,6.751489724273681547e-01,6.751489724273681547e-01,6.751489724273681547e-01,6.751489724273681547e-01
3.557262108599126726e+00,3.557262108599126726e+00,3.165086754714965700e+00,1.231543549453735231e+00,6.931877221221923735e-01,6.931877221221923735e-01,5.561657036895751860e-01,5.371322716827392485e-01,4.468259896392822172e-01,4.468259896392822172e-01,4.468259896392822172e-01,4.377832497711181547e-01,4.377832497711181547e-01,4.377832497711181547e-01,4.377832497711181547e-01,4.377832497711181547e-01,4.377832497711181547e-01,4.377832497711181547e-01,4.377832497711181547e-01,4.377832497711181547e-01,4.377832497711181547e-01
4.992503075044600891e+00,4.992503075044600891e+00,4.992503075044600891e+00,3.773140438949584841e+00,3.773140438949584841e+00,1.592752465164184450e+00,1.592752465164184450e+00,6.715192879791259672e-01,6.296873177642822172e-01,6.296873177642822172e-01,6.296873177642822172e-01,6.296873177642822172e-01,5.031299676055908110e-01,5.031299676055908110e-01,5.031299676055908110e-01,5.031299676055908110e-01,5.031299676055908110e-01,5.031299676055908110e-01,5.031299676055908110e-01,5.031299676055908110e-01,5.031299676055908110e-01
4.858243836947121252e+00,1.409036644851684450e+00,1.409036644851684450e+00,1.409036644851684450e+00,1.085784920608520387e+00,1.085784920608520387e+00,1.085784920608520387e+00,9.994764412994384672e-01,9.994764412994384672e-01,9.994764412994384672e-01,9.994764412994384672e-01,9.994764412994384672e-01,8.965978707427978422e-01,5.580549325103759672e-01,5.580549325103759672e-01,5.580549325103759672e-01,5.580549325103759672e-01,5.580549325103759672e-01,5.580549325103759672e-01,5.580549325103759672e-01,5.580549325103759672e-01
1.237863797389685772e+00,1.237863797389685772e+00,1.237863797389685772e+00,1.237863797389685772e+00,1.237863797389685772e+00,8.306675042266845610e-01,8.306675042266845610e-01,4.320983971710204985e-01,4.320983971710204985e-01,4.320983971710204985e-01,4.320983971710204985e-01,4.192657555694579985e-01,4.192657555694579985e-01,4.192657555694579985e-01,4.192657555694579985e-01,4.192657555694579985e-01,4.192657555694579985e-01,4.192657555694579985e-01,4.192657555694579985e-01,4.192657555694579985e-01,4.192657555694579985e-01
