3.545196855107315415e+00,3.545196855107315415e+00,3.545196855107315415e+00,3.545196855107315415e+00,1.952864655410766481e+00,1.952864655410766481e+00,1.952864655410766481e+00,1.952864655410766481e+00,1.952864655410766481e+00,5.966434563751220610e-01,5.966434563751220610e-01,5.966434563751220610e-01,5.966434563751220610e-01,5.966434563751220610e-01,5.966434563751220610e-01,5.966434563751220610e-01,5.966434563751220610e-01,5.966434563751220610e-01,5.966434563751220610e-01,5.966434563751220610e-01,5.966434563751220610e-01
9.746850357467707227e+00,3.791500100051879762e+00,3.791500100051879762e+00,3.791500100051879762e+00,3.791500100051879762e+00,3.791500100051879762e+00,2.246564873611450075e+00,2.246564873611450075e+00,2.246564873611450075e+00,2.246564873611450075e+00,2.246564873611450075e+00,2.246564873611450075e+00,2.246564873611450075e+00,2.230307587539672731e+00,4.340114678497314360e-01,4.340114678497314360e-01,4.340114678497314360e-01,4.340114678497314360e-01,4.340114678497314360e-01,4.340114678497314360e-01,4.340114678497314360e-01
7.693125871351418787e+00,7.693125871351418787e+00,7.693125871351418787e+00,7.693125871351418787e+00,7.693125871351418787e+00,2.083386429702758669e+00,2.083386429702758669e+00,2.083386429702758669e+00,2.083386429702758669e+00,2.083386429702758669e+00,2.083386429702758669e+00,7.814531411285400297e-01,7.814531411285400297e-01,7.814531411285400297e-01,7.814531411285400297e-01,7.814531411285400297e-01,7.814531411285400297e-01,6.445179070587158110e-01,6.445179070587158110e-01,6.445179070587158110e-01,6.445179070587158110e-01
5.094302375041932507e+00,5.094302375041932507e+00,6.335363473052978422e-01,6.335363473052978422e-01,6.335363473052978422e-01,6.335363473052978422e-01,6.335363473052978422e-01,6.335363473052978422e-01,6.335363473052978422e-01,6.335363473052978422e-01,6.335363473052978422e-01,6.335363473052978422e-01,6.335363473052978422e-01,6.335363473052978422e-01,6.335363473052978422e-01,6.335363473052978422e-01,6.335363473052978422e-01,6.335363473052978422e-01,6.335363473052978422e-01,6.335363473052978422e-01,6.335363473052978422e-01
8.843966319397878806e+00,8.843966319397878806e+00,8.843966319397878806e+00,2.368205078994750856e+00,2.368205078994750856e+00,2.368205078994750856e+00,2.368205078994750856e+00,2.368205078994750856e+00,2.368205078994750856e+00,2.368205078994750856e+00,1.973778733169555544e+00,5.280532921905517485e-01,5.280532921905517485e-01,5.280532921905517485e-01,5.280532921905517485e-01,4.210844124908447172e-01,4.210844124908447172e-01,4.210844124908447172e-01,4.210844124908447172e-01,4.210844124908447172e-01,4.210844124908447172e-01
6.166339592124312929e+00,5.747413405334472536e+00,5.105771788513183473e+00,5.105771788513183473e+00,5.105771788513183473e+00,4.156963356887817262e+00,4.156963356887817262e+00,1.964910515701293825e+00,1.964910515701293825e+00,1.964910515701293825e+00,1.964910515701293825e+00,1.964910515701293825e+00,9.032087411041259672e-01,9.032087411041259672e-01,9.032087411041259672e-01,9.032087411041259672e-01,9.032087411041259672e-01,9.032087411041259672e-01,9.032087411041259672e-01,9.032087411041259672e-01,9.032087411041259672e-01
1.463105973244504909e+01,5.084853896057128786e+00,5.084853896057128786e+00,4.597053612823486235e-01,4.597053612823486235e-01,4.597053612823486235e-01,4.597053612823486235e-01,4.597053612823486235e-01,4.597053612823486235e-01,4.597053612823486235e-01,4.597053612823486235e-01,4.597053612823486235e-01,4.597053612823486235e-01,4.597053612823486235e-01,4.597053612823486235e-01,4.597053612823486235e-01,4.597053612823486235e-01,4.597053612823486235e-01,4.597053612823486235e-01,4.597053612823486235e-01,4.597053612823486235e-01
2.087576548445779778e+00,2.087576548445779778e+00,2.087576548445779778e+00,2.087576548445779778e+00,2.087576548445779778e+00,2.087576548445779778e+00,2.087576548445779778e+00,2.087576548445779778e+00,2.087576548445779778e+00,4.434490288848876860e-01,4.434490288848876860e-01,4.434490288848876860e-01,4.434490288848876860e-01,4.434490288848876860e-01,4.434490288848876860e-01,4.434490288848876860e-01,4.434490288848876860e-01,4.434490288848876860e-01,4.434490288848876860e-01,4.434490288848876860e-01,4.434490288848876860e-01
1.094298286285527055e+00,1.094298286285527055e+00,1.094298286285527055e+00,1.094298286285527055e+00,1.094298286285527055e+00,1.094298286285527055e+00,1.094298286285527055e+00,1.094298286285527055e+00,1.094298286285527055e+00,1.094298286285527055e+00,9.863357628936767485e-01,9.863357628936767485e-01,9.863357628936767485e-01,9.863357628936767485e-01,9.863357628936767485e-01,9.863357628936767485e-01,9.863357628936767485e-01,9.863357628936767485e-01,9.863357628936767485e-01,9.863357628936767485e-01,9.863357628936767485e-01
1.686375184037311570e+00,1.686375184037311570e+00,1.686375184037311570e+00,1.686375184037311570e+00,1.686375184037311570e+00,1.686375184037311570e+00,1.686375184037311570e+00,1.686375184037311570e+00,1.686375184037311570e+00,1.686375184037311570e+00,1.686375184037311570e+00,1.686375184037311570e+00,1.686375184037311570e+00,1.686375184037311570e+00,1.686375184037311570e+00,1.686375184037311570e+00,1.686375184037311570e+00,1.686375184037311570e+00,1.686375184037311570e+00,4.008941735382079985e-01,4.008941735382079985e-01
5.604303918368117365e+00,5.604303918368117365e+00,5.604303918368117365e+00,3.665584572708129762e+00,3.665584572708129762e+00,3.665584572708129762e+00,3.665584572708129762e+00,2.939421185409545778e+00,2.939421185409545778e+00,9.223871316070556547e-01,6.006593789215087797e-01,6.006593789215087797e-01,6.006593789215087797e-01,6.006593789215087797e-01,5.458116616363525297e-01,5.458116616363525297e-01,5.458116616363525297e-01,5.458116616363525297e-01,5.458116616363525297e-01,5.458116616363525297e-01,4.842453087921142485e-01
5.101854702066825453e+00,5.101854702066825453e+00,4.009380825912475466e+00,4.009380825912475466e+00,4.009380825912475466e+00,4.009380825912475466e+00,4.009380825912475466e+00,4.009380825912475466e+00,4.009380825912475466e+00,8.265132989044189360e-01,8.265132989044189360e-01,8.265132989044189360e-01,8.265132989044189360e-01,8.265132989044189360e-01,8.265132989044189360e-01,8.265132989044189360e-01,8.265132989044189360e-01,8.265132989044189360e-01,5.531807030792236235e-01,5.531807030792236235e-01,5.531807030792236235e-01
2.061964464423118315e+01,1.901394534960937577e+01,1.096089340106201249e+01,1.096089340106201249e+01,1.096089340106201249e+01,2.232565411483764528e+00,2.232565411483764528e+00,2.187463292037963747e+00,2.187463292037963747e+00,2.187463292037963747e+00,2.187463292037963747e+00,4.730539406890869047e-01,4.730539406890869047e-01,4.730539406890869047e-01,4.730539406890869047e-01,4.730539406890869047e-01,4.730539406890869047e-01,4.730539406890869047e-01,4.730539406890869047e-01,4.730539406890869047e-01,4.730539406890869047e-01
8.005729131539522925e+00,8.005729131539522925e+00,8.005729131539522925e+00,8.005729131539522925e+00,8.005729131539522925e+00,2.186433800613403200e+00,2.186433800613403200e+00,2.186433800613403200e+00,2.186433800613403200e+00,2.186433800613403200e+00,2.186433800613403200e+00,2.186433800613403200e+00,2.186433800613403200e+00,2.186433800613403200e+00,2.186433800613403200e+00,7.847232903594970610e-01,7.847232903594970610e-01,6.568527306671142485e-01,6.568527306671142485e-01,5.539531792755126860e-01,5.539531792755126860e-01
1.746895377936693805e+00,1.746895377936693805e+00,1.746895377936693805e+00,1.746895377936693805e+00,1.746895377936693805e+00,1.746895377936693805e+00,1.746895377936693805e+00,1.746895377936693805e+00,1.746895377936693805e+00,1.746895377936693805e+00,1.746895377936693805e+00,6.138572777862548735e-01,6.138572777862548735e-01,6.138572777862548735e-01,6.138572777862548735e-01,6.138572777862548735e-01,6.138572777862548735e-01,6.138572777862548735e-01,6.138572777862548735e-01,6.138572777862548735e-01,6.138572777862548735e-01
4.827708080693826176e+00,4.827708080693826176e+00,4.827708080693826176e+00,4.827708080693826176e+00,2.117756852066039919e+00,6.606721963043212797e-01,6.606721963043212797e-01,6.606721963043212797e-01,6.606721963043212797e-01,5.545034493560790922e-01,5.545034493560790922e-01,5.545034493560790922e-01,5.545034493560790922e-01,5.545034493560790922e-01,5.545034493560790922e-01,5.545034493560790922e-01,5.545034493560790922e-01,5.545034493560790922e-01,5.545034493560790922e-01,5.545034493560790922e-01,5.545034493560790922e-01
3.557262108599126726e+00,3.557262108599126726e+00,1.966706284439086794e+00,1.966706284439086794e+00,1.966706284439086794e+00,1.966706284439086794e+00,1.966706284439086794e+00,1.966706284439086794e+00,1.966706284439086794e+00,1.966706284439086794e+00,1.966706284439086794e+00,1.966706284439086794e+00,1.966706284439086794e+00,1.966706284439086794e+00,1.966706284439086794e+00,1.966706284439086794e+00,4.017181481475829985e-01,4.017181481475829985e-01,4.017181481475829985e-01,4.017181481475829985e-01,4.017181481475829985e-01
4.992503075044600891e+00,4.992503075044600891e+00,4.992503075044600891e+00,4.992503075044600891e+00,4.304164894973754762e+00,4.304164894973754762e+00,4.304164894973754762e+00,4.304164894973754762e+00,1.313010224258422731e+00,1.313010224258422731e+00,1.313010224258422731e+00,1.313010224258422731e+00,1.313010224258422731e+00,1.313010224258422731e+00,4.559097375030517485e-01,4.559097375030517485e-01,4.559097375030517485e-01,4.559097375030517485e-01,4.559097375030517485e-01,4.559097375030517485e-01,4.559097375030517485e-01
4.858243836947121252e+00,4.858243836947121252e+00,4.858243836947121252e+00,4.858243836947121252e+00,4.858243836947121252e+00,4.858243836947121252e+00,3.580915459548950075e+00,1.961453446304321169e+00,1.961453446304321169e+00,1.961453446304321169e+00,1.961453446304321169e+00,1.961453446304321169e+00,1.961453446304321169e+00,7.795047845001220610e-01,7.795047845001220610e-01,4.614906396026611235e-01,4.614906396026611235e-01,4.614906396026611235e-01,4.614906396026611235e-01,4.125776375885009672e-01,4.125776375885009672e-01
1.237863797389685772e+00,1.237863797389685772e+00,1.237863797389685772e+00,1.237863797389685772e+00,1.237863797389685772e+00,1.237863797389685772e+00,1.237863797389685772e+00,1.237863797389685772e+00,1.237863797389685772e+00,1.237863797389685772e+00,1.237863797389685772e+00,1.237863797389685772e+00,1.237863797389685772e+00,1.237863797389685772e+00,1.237863797389685772e+00,1.237863797389685772e+00,1.237863797389685772e+00,9.669084633941650297e-01,9.669084633941650297e-01,9.669084633941650297e-01,9.669084633941650297e-01
