3.545196855107315415e+00,3.545196855107315415e+00,3.545196855107315415e+00,3.545196855107315415e+00,8.315582360382079985e-01,5.869474496002197172e-01,5.869474496002197172e-01,5.869474496002197172e-01,5.869474496002197172e-01,5.869474496002197172e-01,5.869474496002197172e-01,5.869474496002197172e-01,5.869474496002197172e-01,5.869474496002197172e-01,5.869474496002197172e-01,5.869474496002197172e-01,5.869474496002197172e-01,5.869474496002197172e-01,5.869474496002197172e-01,5.869474496002197172e-01,5.869474496002197172e-01
9.746850357467707227e+00,9.746850357467707227e+00,9.746850357467707227e+00,9.746850357467707227e+00,9.746850357467707227e+00,2.481306561386108278e+00,2.481306561386108278e+00,2.481306561386108278e+00,2.481306561386108278e+00,2.481306561386108278e+00,2.481306561386108278e+00,1.041167267715453981e+00,7.552356804962158110e-01,7.552356804962158110e-01,7.552356804962158110e-01,4.169445122833251860e-01,4.169445122833251860e-01,4.169445122833251860e-01,4.064283455963134672e-01,4.047641839141845610e-01,4.029054726715087797e-01
7.693125871351418787e+00,7.693125871351418787e+00,4.565296896850585817e+00,4.565296896850585817e+00,2.248959549819946169e+00,2.248959549819946169e+00,2.248959549819946169e+00,2.248959549819946169e+00,2.248959549819946169e+00,2.248959549819946169e+00,2.248959549819946169e+00,2.248959549819946169e+00,2.248959549819946169e+00,3.994474496002197172e-01,3.979911889190673735e-01,3.979911889190673735e-01,3.979911889190673735e-01,3.979911889190673735e-01,3.979911889190673735e-01,3.979911889190673735e-01,3.979911889190673735e-01
5.094302375041932507e+00,5.094302375041932507e+00,5.094302375041932507e+00,2.060299881851196169e+00,2.060299881851196169e+00,2.060299881851196169e+00,2.060299881851196169e+00,2.060299881851196169e+00,4.303054894561767485e-01,4.303054894561767485e-01,4.303054894561767485e-01,4.303054894561767485e-01,4.303054894561767485e-01,4.303054894561767485e-01,4.303054894561767485e-01,4.303054894561767485e-01,4.093723382110595610e-01,4.093046273345947172e-01,4.093046273345947172e-01,4.093046273345947172e-01,4.093046273345947172e-01
8.843966319397878806e+00,8.843966319397878806e+00,8.843966319397878806e+00,3.770916947280883669e+00,3.770916947280883669e+00,3.770916947280883669e+00,3.770916947280883669e+00,1.004182824050903200e+00,1.004182824050903200e+00,5.336799706573486235e-01,5.336799706573486235e-01,5.336799706573486235e-01,5.336799706573486235e-01,5.336799706573486235e-01,5.336799706573486235e-01,4.052000130767822172e-01,4.052000130767822172e-01,4.052000130767822172e-01,4.052000130767822172e-01,4.052000130767822172e-01,4.052000130767822172e-01
6.166339592124312929e+00,1.154918679153442262e+00,1.154918679153442262e+00,1.154918679153442262e+00,1.154918679153442262e+00,1.154918679153442262e+00,1.154918679153442262e+00,1.027232178604125856e+00,6.356515969390869047e-01,6.356515969390869047e-01,6.356515969390869047e-01,6.356515969390869047e-01,6.356515969390869047e-01,3.995704735870361235e-01,3.995704735870361235e-01,3.995704735870361235e-01,3.995704735870361235e-01,3.995704735870361235e-01,3.995704735870361235e-01,3.995704735870361235e-01,3.995704735870361235e-01
1.463105973244504909e+01,5.647190817749023317e+00,5.647190817749023317e+00,6.070156182403564360e-01,6.070156182403564360e-01,6.070156182403564360e-01,6.070156182403564360e-01,4.297237481231689360e-01,4.275350655670165922e-01,4.275350655670165922e-01,4.275350655670165922e-01,4.275350655670165922e-01,4.275350655670165922e-01,4.275350655670165922e-01,4.275350655670165922e-01,4.275350655670165922e-01,4.275350655670165922e-01,4.275350655670165922e-01,4.275350655670165922e-01,4.275350655670165922e-01,4.147958840484619047e-01
2.087576548445779778e+00,2.087576548445779778e+00,8.137950982208251860e-01,5.924730385894775297e-01,4.696855630035400297e-01,4.008751000518798735e-01,4.008751000518798735e-01,3.982572640533447172e-01,3.982572640533447172e-01,3.982572640533447172e-01,3.982572640533447172e-01,3.982572640533447172e-01,3.982572640533447172e-01,3.982572640533447172e-01,3.982572640533447172e-01,3.982572640533447172e-01,3.982572640533447172e-01,3.982572640533447172e-01,3.982572640533447172e-01,3.982572640533447172e-01,3.979501809234619047e-01
1.094298286285527055e+00,6.600427712554931547e-01,6.600427712554931547e-01,6.600427712554931547e-01,6.600427712554931547e-01,6.600427712554931547e-01,6.600427712554931547e-01,6.600427712554931547e-01,6.600427712554931547e-01,6.600427712554931547e-01,6.600427712554931547e-01,6.600427712554931547e-01,6.600427712554931547e-01,4.052496041412353422e-01,4.052229012603759672e-01,4.052229012603759672e-01,4.052000130767822172e-01,4.052000130767822172e-01,4.052000130767822172e-01,4.052000130767822172e-01,4.052000130767822172e-01
1.686375184037311570e+00,1.686375184037311570e+00,1.686375184037311570e+00,6.925916756744384672e-01,6.925916756744384672e-01,6.925916756744384672e-01,6.925916756744384672e-01,6.925916756744384672e-01,6.925916756744384672e-01,6.925916756744384672e-01,6.925916756744384672e-01,6.925916756744384672e-01,6.925916756744384672e-01,6.925916756744384672e-01,6.925916756744384672e-01,5.658912743682861235e-01,4.098329629058837797e-01,4.098329629058837797e-01,4.098329629058837797e-01,4.098329629058837797e-01,4.098329629058837797e-01
5.604303918368117365e+00,3.155002602493286012e+00,3.155002602493286012e+00,3.155002602493286012e+00,3.155002602493286012e+00,3.155002602493286012e+00,3.155002602493286012e+00,3.155002602493286012e+00,3.155002602493286012e+00,1.101816185867309450e+00,1.101816185867309450e+00,1.101816185867309450e+00,7.045078362579345610e-01,7.045078362579345610e-01,7.045078362579345610e-01,7.045078362579345610e-01,7.045078362579345610e-01,7.045078362579345610e-01,5.135068978424072172e-01,5.135068978424072172e-01,5.135068978424072172e-01
5.101854702066825453e+00,5.101854702066825453e+00,8.797416772003173735e-01,8.797416772003173735e-01,8.797416772003173735e-01,8.797416772003173735e-01,8.797416772003173735e-01,8.797416772003173735e-01,8.797416772003173735e-01,8.797416772003173735e-01,8.797416772003173735e-01,8.797416772003173735e-01,8.797416772003173735e-01,8.797416772003173735e-01,8.797416772003173735e-01,5.738878335113525297e-01,5.738878335113525297e-01,4.245653237457275297e-01,4.245653237457275297e-01,4.245653237457275297e-01,4.245653237457275297e-01
2.061964464423118315e+01,1.969175411120605546e+01,1.096089340106201249e+01,1.096089340106201249e+01,1.096089340106201249e+01,1.974435814773559450e+00,1.974435814773559450e+00,1.974435814773559450e+00,1.974435814773559450e+00,1.974435814773559450e+00,1.974435814773559450e+00,1.974435814773559450e+00,1.974435814773559450e+00,5.497589196319579985e-01,5.131330575103759672e-01,5.131330575103759672e-01,5.131330575103759672e-01,5.131330575103759672e-01,5.131330575103759672e-01,5.131330575103759672e-01,5.131330575103759672e-01
8.005729131539522925e+00,8.005729131539522925e+00,3.045856961166381716e+00,3.045856961166381716e+00,3.045856961166381716e+00,8.326063241119384672e-01,8.326063241119384672e-01,4.862241829986572172e-01,4.862241829986572172e-01,4.862241829986572172e-01,4.056511010284423735e-01,4.056511010284423735e-01,4.056511010284423735e-01,4.056511010284423735e-01,4.056511010284423735e-01,4.056511010284423735e-01,4.056511010284423735e-01,4.056511010284423735e-01,4.056511010284423735e-01,4.056511010284423735e-01,4.056511010284423735e-01
1.746895377936693805e+00,1.746895377936693805e+00,1.746895377936693805e+00,1.746895377936693805e+00,1.746895377936693805e+00,9.552068795318603422e-01,9.552068795318603422e-01,9.552068795318603422e-01,9.552068795318603422e-01,9.552068795318603422e-01,4.291582192535400297e-01,4.291582192535400297e-01,4.291582192535400297e-01,4.291582192535400297e-01,4.291582192535400297e-01,4.291582192535400297e-01,4.291582192535400297e-01,4.291582192535400297e-01,4.291582192535400297e-01,4.291582192535400297e-01,4.291582192535400297e-01
4.827708080693826176e+00,4.827708080693826176e+00,4.827708080693826176e+00,2.292087563430786012e+00,2.292087563430786012e+00,2.292087563430786012e+00,2.292087563430786012e+00,4.297542657012939360e-01,4.033365334625244047e-01,4.029102410430908110e-01,4.025373543853759672e-01,4.021959389801025297e-01,4.018850411529540922e-01,4.016056145782470610e-01,4.013557519073486235e-01,4.011297310943603422e-01,4.009304131622314360e-01,4.007434929962158110e-01,4.005918587799072172e-01,4.003419961090087797e-01,4.003114785308837797e-01
3.557262108599126726e+00,3.557262108599126726e+00,6.742382134552001860e-01,6.742382134552001860e-01,6.742382134552001860e-01,4.322204674835204985e-01,4.322204674835204985e-01,4.322204674835204985e-01,4.209070290679931547e-01,4.202900017852783110e-01,4.202900017852783110e-01,4.202900017852783110e-01,4.202900017852783110e-01,4.179983224029540922e-01,4.179983224029540922e-01,4.179983224029540922e-01,4.179983224029540922e-01,4.179983224029540922e-01,4.179983224029540922e-01,4.044389809722900297e-01,4.044389809722900297e-01
4.992503075044600891e+00,4.992503075044600891e+00,4.992503075044600891e+00,4.440605887329101442e+00,4.440605887329101442e+00,2.418869503890991091e+00,2.418869503890991091e+00,2.418869503890991091e+00,2.418869503890991091e+00,2.418869503890991091e+00,2.179182061111450075e+00,2.179182061111450075e+00,6.031103219146728422e-01,6.031103219146728422e-01,6.031103219146728422e-01,4.252481545562744047e-01,4.252481545562744047e-01,4.252481545562744047e-01,4.252481545562744047e-01,4.252481545562744047e-01,4.252481545562744047e-01
4.858243836947121252e+00,3.659794815933227419e+00,3.659794815933227419e+00,2.684256562149047731e+00,6.969270791168212797e-01,4.654903496856689360e-01,4.654903496856689360e-01,4.654903496856689360e-01,4.654903496856689360e-01,4.654903496856689360e-01,4.654903496856689360e-01,4.654903496856689360e-01,4.654903496856689360e-01,4.654903496856689360e-01,4.654903496856689360e-01,4.654903496856689360e-01,4.654903496856689360e-01,4.654903496856689360e-01,4.654903496856689360e-01,4.060525979156494047e-01,4.060525979156494047e-01
1.237863797389685772e+00,1.237863797389685772e+00,1.237863797389685772e+00,1.052606591140746950e+00,1.052606591140746950e+00,1.052606591140746950e+00,1.052606591140746950e+00,1.052606591140746950e+00,1.052606591140746950e+00,1.052606591140746950e+00,1.052606591140746950e+00,1.052606591140746950e+00,1.052606591140746950e+00,1.052606591140746950e+00,1.052606591140746950e+00,1.052606591140746950e+00,1.052606591140746950e+00,4.261016930694579985e-01,4.261016930694579985e-01,4.261016930694579985e-01,4.261016930694579985e-01
