3.545196855107315415e+00,3.545196855107315415e+00,3.545196855107315415e+00,1.707346924697875856e+00,9.790124978179931547e-01,9.790124978179931547e-01,9.790124978179931547e-01,6.034908379669189360e-01,6.034908379669189360e-01,4.414024438018798735e-01,4.414024438018798735e-01,4.414024438018798735e-01,4.414024438018798735e-01,4.414024438018798735e-01,4.414024438018798735e-01,4.330940331573486235e-01,4.330940331573486235e-01,4.330940331573486235e-01,4.330940331573486235e-01,4.330940331573486235e-01,4.330940331573486235e-01
9.746850357467707227e+00,9.746850357467707227e+00,9.746850357467707227e+00,4.479186781799316286e+00,2.165769585525512575e+00,2.165769585525512575e+00,2.165769585525512575e+00,2.165769585525512575e+00,2.165769585525512575e+00,2.165769585525512575e+00,2.165769585525512575e+00,2.165769585525512575e+00,2.165769585525512575e+00,1.507154473220825075e+00,1.448916443740844606e+00,1.448916443740844606e+00,1.376434334671020387e+00,7.666177834625244047e-01,7.666177834625244047e-01,7.666177834625244047e-01,7.666177834625244047e-01
7.693125871351418787e+00,2.528862484848022341e+00,1.420553215896606325e+00,8.417844857330322172e-01,8.417844857330322172e-01,6.211357201690673735e-01,6.211357201690673735e-01,6.211357201690673735e-01,6.211357201690673735e-01,6.211357201690673735e-01,6.211357201690673735e-01,6.211357201690673735e-01,6.211357201690673735e-01,6.211357201690673735e-01,6.211357201690673735e-01,6.211357201690673735e-01,6.211357201690673735e-01,6.211357201690673735e-01,6.211357201690673735e-01,6.211357201690673735e-01,6.211357201690673735e-01
5.094302375041932507e+00,5.094302375041932507e+00,5.094302375041932507e+00,5.094302375041932507e+00,4.152618416702270387e+00,2.127516278182983278e+00,2.127516278182983278e+00,2.127516278182983278e+00,2.127516278182983278e+00,1.293202408706664919e+00,7.876634682769775297e-01,7.585125054473876860e-01,7.585125054473876860e-01,7.585125054473876860e-01,7.585125054473876860e-01,7.585125054473876860e-01,7.585125054473876860e-01,7.585125054473876860e-01,7.585125054473876860e-01,7.585125054473876860e-01,7.585125054473876860e-01
8.843966319397878806e+00,8.843966319397878806e+00,1.811945923721313356e+00,1.454072960769653200e+00,1.454072960769653200e+00,8.349170769805908110e-01,5.779428567047119047e-01,4.085836495513915922e-01,4.085836495513915922e-01,4.085836495513915922e-01,4.085836495513915922e-01,4.085836495513915922e-01,4.085836495513915922e-01,4.085836495513915922e-01,4.085836495513915922e-01,4.085836495513915922e-01,4.085836495513915922e-01,4.085836495513915922e-01,4.085836495513915922e-01,4.085836495513915922e-01,4.085836495513915922e-01
6.166339592124312929e+00,1.650505074417114137e+00,1.650505074417114137e+00,1.650505074417114137e+00,1.650505074417114137e+00,1.096179970657348512e+00,7.190933312530517485e-01,4.149446572418212797e-01,4.149446572418212797e-01,4.149446572418212797e-01,4.149446572418212797e-01,4.149446572418212797e-01,4.149446572418212797e-01,4.149446572418212797e-01,4.149446572418212797e-01,4.149446572418212797e-01,4.149446572418212797e-01,4.149446572418212797e-01,4.149446572418212797e-01,4.149446572418212797e-01,4.149446572418212797e-01
1.463105973244504909e+01,7.013589629089355348e+00,6.149227866088867067e+00,1.833807953750610231e+00,1.556835183059692262e+00,8.051900948638915922e-01,8.051900948638915922e-01,8.050880517120361235e-01,5.306339348907470610e-01,5.306339348907470610e-01,5.306339348907470610e-01,4.613828744049072172e-01,4.613828744049072172e-01,4.613828744049072172e-01,4.613828744049072172e-01,4.613828744049072172e-01,4.613828744049072172e-01,4.613828744049072172e-01,4.613828744049072172e-01,4.613828744049072172e-01,4.613828744049072172e-01
2.087576548445779778e+00,2.087576548445779778e+00,2.087576548445779778e+00,8.191366280670165922e-01,8.191366280670165922e-01,8.191366280670165922e-01,8.191366280670165922e-01,8.191366280670165922e-01,8.191366280670165922e-01,8.191366280670165922e-01,6.398544396514892485e-01,4.696798409576415922e-01,4.041681374664306547e-01,4.041681374664306547e-01,4.041681374664306547e-01,4.041681374664306547e-01,4.041681374664306547e-01,4.041681374664306547e-01,4.041681374664306547e-01,4.041681374664306547e-01,4.041681374664306547e-01
1.094298286285527055e+00,1.094298286285527055e+00,1.094298286285527055e+00,4.429512108917236235e-01,4.429512108917236235e-01,4.429512108917236235e-01,4.429512108917236235e-01,4.429512108917236235e-01,4.429512108917236235e-01,4.429512108917236235e-01,4.429512108917236235e-01,4.429512108917236235e-01,4.429512108917236235e-01,4.429512108917236235e-01,4.429512108917236235e-01,4.429512108917236235e-01,4.429512108917236235e-01,4.429512108917236235e-01,4.429512108917236235e-01,4.429512108917236235e-01,4.429512108917236235e-01
1.686375184037311570e+00,1.686375184037311570e+00,1.686375184037311570e+00,1.686375184037311570e+00,9.700603570098876860e-01,5.622377480621337797e-01,5.622377480621337797e-01,5.622377480621337797e-01,5.622377480621337797e-01,5.622377480621337797e-01,5.622377480621337797e-01,5.622377480621337797e-01,5.622377480621337797e-01,4.240932549591064360e-01,4.240932549591064360e-01,4.240932549591064360e-01,4.240932549591064360e-01,4.240932549591064360e-01,4.240932549591064360e-01,4.240932549591064360e-01,4.240932549591064360e-01
5.604303918368117365e+00,5.604303918368117365e+00,1.631995209609985231e+00,1.631995209609985231e+00,1.631995209609985231e+00,9.229583825225829985e-01,4.940729226226806547e-01,4.498195733184814360e-01,4.498195733184814360e-01,4.498195733184814360e-01,4.498195733184814360e-01,4.498195733184814360e-01,4.498195733184814360e-01,4.498195733184814360e-01,4.498195733184814360e-01,4.498195733184814360e-01,4.498195733184814360e-01,4.498195733184814360e-01,4.498195733184814360e-01,4.498195733184814360e-01,4.498195733184814360e-01
5.101854702066825453e+00,5.101854702066825453e+00,5.101854702066825453e+00,5.101854702066825453e+00,2.698769577896118044e+00,2.068861969863891481e+00,2.068861969863891481e+00,1.534545906936645387e+00,9.960222329254150297e-01,6.304559792633056547e-01,5.196008767242431547e-01,5.196008767242431547e-01,5.196008767242431547e-01,5.196008767242431547e-01,4.275570000762939360e-01,4.275570000762939360e-01,4.275570000762939360e-01,4.275570000762939360e-01,4.275570000762939360e-01,4.275570000762939360e-01,4.275570000762939360e-01
2.061964464423118315e+01,8.939483412658692174e+00,8.939483412658692174e+00,8.939483412658692174e+00,8.939483412658692174e+00,2.088217266952514528e+00,2.088217266952514528e+00,6.081571663970947172e-01,6.081571663970947172e-01,4.436349953765869047e-01,4.436349953765869047e-01,4.436349953765869047e-01,4.436349953765869047e-01,4.407034005279540922e-01,4.407034005279540922e-01,4.407034005279540922e-01,4.407034005279540922e-01,4.407034005279540922e-01,4.407034005279540922e-01,4.407034005279540922e-01,4.407034005279540922e-01
8.005729131539522925e+00,8.005729131539522925e+00,8.005729131539522925e+00,5.695951231872558473e+00,4.806339033996581911e+00,4.806339033996581911e+00,4.806339033996581911e+00,4.806339033996581911e+00,4.806339033996581911e+00,4.806339033996581911e+00,4.806339033996581911e+00,4.806339033996581911e+00,4.806339033996581911e+00,1.604846962844848512e+00,1.604846962844848512e+00,9.381065453643798735e-01,5.788135613555908110e-01,5.788135613555908110e-01,4.385442818756103422e-01,4.385442818756103422e-01,4.385442818756103422e-01
1.746895377936693805e+00,1.746895377936693805e+00,5.286579217071533110e-01,5.286579217071533110e-01,5.286579217071533110e-01,4.138469781036376860e-01,4.138469781036376860e-01,4.138469781036376860e-01,4.138469781036376860e-01,4.138469781036376860e-01,4.138469781036376860e-01,4.138469781036376860e-01,4.138469781036376860e-01,4.138469781036376860e-01,4.138469781036376860e-01,4.138469781036376860e-01,4.138469781036376860e-01,4.138469781036376860e-01,4.138469781036376860e-01,4.138469781036376860e-01,4.138469781036376860e-01
4.827708080693826176e+00,4.827708080693826176e+00,4.827708080693826176e+00,2.062128075515746950e+00,1.186159142410278200e+00,1.071141251480102419e+00,9.629116143341064360e-01,8.499240960235595610e-01,8.499240960235595610e-01,8.499240960235595610e-01,8.499240960235595610e-01,5.937280739898681547e-01,5.937280739898681547e-01,5.937280739898681547e-01,5.937280739898681547e-01,5.937280739898681547e-01,5.937280739898681547e-01,5.937280739898681547e-01,5.937280739898681547e-01,5.937280739898681547e-01,4.333572472686767485e-01
3.557262108599126726e+00,3.557262108599126726e+00,3.557262108599126726e+00,1.118098267471313356e+00,7.168464745635986235e-01,7.168464745635986235e-01,7.168464745635986235e-01,7.168464745635986235e-01,7.168464745635986235e-01,6.427135552520751860e-01,6.427135552520751860e-01,6.427135552520751860e-01,6.427135552520751860e-01,5.682067956085204985e-01,5.682067956085204985e-01,5.682067956085204985e-01,5.682067956085204985e-01,5.210447396392822172e-01,5.071697320098876860e-01,5.071697320098876860e-01,5.071697320098876860e-01
4.992503075044600891e+00,4.992503075044600891e+00,4.045739182388305544e+00,4.045739182388305544e+00,4.045739182388305544e+00,4.045739182388305544e+00,4.045739182388305544e+00,3.840343483840942262e+00,3.176491745864868044e+00,3.138755330001830934e+00,3.138755330001830934e+00,1.519446381484985231e+00,7.392664040679931547e-01,4.206094826812744047e-01,4.206094826812744047e-01,4.206094826812744047e-01,4.206094826812744047e-01,4.067678536529540922e-01,4.067678536529540922e-01,4.067678536529540922e-01,4.067678536529540922e-01
4.858243836947121252e+00,1.400912293350219606e+00,1.400912293350219606e+00,1.274840363418578981e+00,1.274840363418578981e+00,9.692602242584228422e-01,9.225874032135009672e-01,9.225874032135009672e-01,5.848417367095947172e-01,4.120702828521728422e-01,4.120702828521728422e-01,4.120702828521728422e-01,4.120702828521728422e-01,4.120702828521728422e-01,4.120702828521728422e-01,4.120702828521728422e-01,4.120702828521728422e-01,4.120702828521728422e-01,4.120702828521728422e-01,4.120702828521728422e-01,4.120702828521728422e-01
1.237863797389685772e+00,1.237863797389685772e+00,1.237863797389685772e+00,1.237863797389685772e+00,1.237863797389685772e+00,1.237863797389685772e+00,7.316083993072509672e-01,4.818105782623290922e-01,4.218902672882079985e-01,4.218902672882079985e-01,4.218902672882079985e-01,4.218902672882079985e-01,4.218902672882079985e-01,4.218902672882079985e-01,4.218902672882079985e-01,4.218902672882079985e-01,4.218902672882079985e-01,4.218902672882079985e-01,4.218902672882079985e-01,4.218902672882079985e-01,4.218902672882079985e-01
