3.545196855107315415e+00,3.545196855107315415e+00,3.545196855107315415e+00,2.672629841720580934e+00,1.611935624038696169e+00,1.310639389907836794e+00,1.134781845962524294e+00,1.095381745254516481e+00,8.582506264801025297e-01,7.113285149688720610e-01,5.038166131134033110e-01,5.038166131134033110e-01,5.038166131134033110e-01,5.038166131134033110e-01,5.038166131134033110e-01,5.038166131134033110e-01,5.038166131134033110e-01,5.038166131134033110e-01,5.038166131134033110e-01,5.038166131134033110e-01,5.038166131134033110e-01
9.746850357467707227e+00,3.791474350845336794e+00,3.791474350845336794e+00,3.791474350845336794e+00,1.945447930252075075e+00,1.945447930252075075e+00,1.945447930252075075e+00,1.945447930252075075e+00,1.945447930252075075e+00,1.945447930252075075e+00,1.945447930252075075e+00,1.945447930252075075e+00,1.945447930252075075e+00,1.945447930252075075e+00,1.945447930252075075e+00,1.945447930252075075e+00,1.945447930252075075e+00,1.945447930252075075e+00,1.945447930252075075e+00,1.945447930252075075e+00,1.945447930252075075e+00
7.693125871351418787e+00,7.693125871351418787e+00,7.177598723327636598e+00,3.450470456039428591e+00,3.423807152664184450e+00,2.799136647140502809e+00,2.799136647140502809e+00,2.799136647140502809e+00,1.281791695510864137e+00,4.398365105743408110e-01,4.398365105743408110e-01,4.063768471832275297e-01,4.063768471832275297e-01,4.063768471832275297e-01,4.063768471832275297e-01,4.063768471832275297e-01,4.063768471832275297e-01,3.986644829864501860e-01,3.986644829864501860e-01,3.986644829864501860e-01,3.986644829864501860e-01
5.094302375041932507e+00,5.094302375041932507e+00,5.094302375041932507e+00,5.094302375041932507e+00,5.094302375041932507e+00,4.730575331604003786e+00,2.730169304763793825e+00,2.730169304763793825e+00,2.402489670669555544e+00,1.723159798538207887e+00,1.124336251174926637e+00,9.105033959503173735e-01,9.105033959503173735e-01,6.985397423858642485e-01,5.445909585113525297e-01,5.445909585113525297e-01,5.445909585113525297e-01,4.120512093658447172e-01,4.108839120025634672e-01,4.108839120025634672e-01,4.108839120025634672e-01
8.843966319397878806e+00,8.843966319397878806e+00,5.301080473815917848e+00,5.301080473815917848e+00,4.664754952545165922e-01,4.664754952545165922e-01,4.194479073638915922e-01,4.194479073638915922e-01,3.985319222564697172e-01,3.985319222564697172e-01,3.985319222564697172e-01,3.985319222564697172e-01,3.985319222564697172e-01,3.985319222564697172e-01,3.985319222564697172e-01,3.984670724029540922e-01,3.983593072052001860e-01,3.983593072052001860e-01,3.983593072052001860e-01,3.983593072052001860e-01,3.983593072052001860e-01
6.166339592124312929e+00,5.747393378173828005e+00,1.722682961380004762e+00,1.722682961380004762e+00,1.670152672683715700e+00,1.670152672683715700e+00,1.653764733230590700e+00,1.469490059768676637e+00,1.469490059768676637e+00,1.469490059768676637e+00,1.469490059768676637e+00,1.469490059768676637e+00,6.414270485992431547e-01,5.510644997711181547e-01,5.510644997711181547e-01,5.510644997711181547e-01,5.510644997711181547e-01,4.008417214508056547e-01,4.008417214508056547e-01,3.994121636505126860e-01,3.994121636505126860e-01
1.463105973244504909e+01,5.084867247497558473e+00,5.084867247497558473e+00,5.049115904724120973e+00,5.049115904724120973e+00,5.049115904724120973e+00,5.049115904724120973e+00,5.049115904724120973e+00,5.049115904724120973e+00,5.049115904724120973e+00,5.049115904724120973e+00,5.049115904724120973e+00,5.049115904724120973e+00,5.049115904724120973e+00,5.049115904724120973e+00,5.049115904724120973e+00,5.049115904724120973e+00,5.049115904724120973e+00,5.049115904724120973e+00,5.049115904724120973e+00,5.049115904724120973e+00
2.087576548445779778e+00,2.087576548445779778e+00,2.087576548445779778e+00,2.087326058303832887e+00,2.086288460647582887e+00,2.057633885299682497e+00,7.158317650909423735e-01,7.158317650909423735e-01,7.158317650909423735e-01,7.158317650909423735e-01,5.668659295196533110e-01,5.668659295196533110e-01,5.668659295196533110e-01,5.657892312164306547e-01,5.657892312164306547e-01,5.657892312164306547e-01,5.657892312164306547e-01,5.596656884307861235e-01,5.398893441314697172e-01,4.411745156402587797e-01,4.375438775177001860e-01
1.094298286285527055e+00,1.094298286285527055e+00,1.094298286285527055e+00,1.094298286285527055e+00,1.094298286285527055e+00,5.663004006500244047e-01,3.984489525909423735e-01,3.984489525909423735e-01,3.984489525909423735e-01,3.984489525909423735e-01,3.984489525909423735e-01,3.984489525909423735e-01,3.984489525909423735e-01,3.984489525909423735e-01,3.984489525909423735e-01,3.984489525909423735e-01,3.984489525909423735e-01,3.984489525909423735e-01,3.984489525909423735e-01,3.984489525909423735e-01,3.984489525909423735e-01
1.686375184037311570e+00,1.686375184037311570e+00,1.686375184037311570e+00,1.686375184037311570e+00,1.012842186843871950e+00,1.012842186843871950e+00,1.012842186843871950e+00,8.418598260040283110e-01,8.418598260040283110e-01,6.827221001739501860e-01,6.827221001739501860e-01,5.321064080352783110e-01,4.543552483673095610e-01,4.104490365142822172e-01,4.104490365142822172e-01,4.104490365142822172e-01,4.104490365142822172e-01,4.104490365142822172e-01,4.104490365142822172e-01,4.104490365142822172e-01,4.104490365142822172e-01
5.604303918368117365e+00,5.604303918368117365e+00,5.604303918368117365e+00,5.604303918368117365e+00,5.077753152008056547e-01,5.077753152008056547e-01,5.077753152008056547e-01,5.077753152008056547e-01,4.329052056427001860e-01,4.329052056427001860e-01,4.329052056427001860e-01,4.087762917633056547e-01,4.087762917633056547e-01,4.019908990020751860e-01,3.993215645904540922e-01,3.993215645904540922e-01,3.993215645904540922e-01,3.993215645904540922e-01,3.993215645904540922e-01,3.993215645904540922e-01,3.993215645904540922e-01
5.101854702066825453e+00,5.101854702066825453e+00,5.101854702066825453e+00,5.101854702066825453e+00,2.072062977706909059e+00,2.072062977706909059e+00,1.748970993911743044e+00,1.702002533828735231e+00,1.702002533828735231e+00,1.689167031204223512e+00,1.662701615249633669e+00,1.483313568984985231e+00,8.514700020904540922e-01,7.209863747711181547e-01,6.873846139068603422e-01,5.917501534576415922e-01,5.917501534576415922e-01,5.917501534576415922e-01,5.917501534576415922e-01,5.024576272125244047e-01,5.024576272125244047e-01
2.061964464423118315e+01,1.901361919299316483e+01,1.901361919299316483e+01,8.773324736511231237e+00,4.969563254272460817e+00,2.987422951614379762e+00,4.778299416656494047e-01,4.778299416656494047e-01,4.778299416656494047e-01,4.778299416656494047e-01,4.778299416656494047e-01,4.778299416656494047e-01,4.778299416656494047e-01,4.778299416656494047e-01,4.207410897369384672e-01,4.207410897369384672e-01,4.207410897369384672e-01,4.207410897369384672e-01,4.207410897369384672e-01,3.986291970367431547e-01,3.986291970367431547e-01
8.005729131539522925e+00,8.005729131539522925e+00,8.005729131539522925e+00,8.005729131539522925e+00,5.720516928588867067e+00,5.720516928588867067e+00,2.435247429763793825e+00,2.435247429763793825e+00,2.435247429763793825e+00,5.740900124664306547e-01,5.740900124664306547e-01,5.740900124664306547e-01,4.733905877227783110e-01,4.733905877227783110e-01,4.733905877227783110e-01,4.733905877227783110e-01,3.998594369049072172e-01,3.998594369049072172e-01,3.998594369049072172e-01,3.998594369049072172e-01,3.998594369049072172e-01
1.746895377936693805e+00,1.746895377936693805e+00,1.746895377936693805e+00,1.746895377936693805e+00,1.478285797988891481e+00,8.562183465118408110e-01,8.562183465118408110e-01,4.879808510894775297e-01,4.879808510894775297e-01,4.197034920806884672e-01,4.186878289337158110e-01,4.186878289337158110e-01,4.186878289337158110e-01,4.186878289337158110e-01,4.186878289337158110e-01,4.186878289337158110e-01,4.119548882598876860e-01,4.119548882598876860e-01,4.070615853424072172e-01,4.008703316802978422e-01,4.008703316802978422e-01
4.827708080693826176e+00,4.827708080693826176e+00,4.827708080693826176e+00,4.827708080693826176e+00,4.827708080693826176e+00,2.612256535446166872e+00,8.334503258819579985e-01,8.334503258819579985e-01,8.334503258819579985e-01,8.334503258819579985e-01,5.119190301055908110e-01,5.119190301055908110e-01,4.377307976837158110e-01,4.104251946563720610e-01,3.985500420684814360e-01,3.985500420684814360e-01,3.985500420684814360e-01,3.980321969146728422e-01,3.980321969146728422e-01,3.980321969146728422e-01,3.980321969146728422e-01
3.557262108599126726e+00,3.557262108599126726e+00,3.556987770950317262e+00,3.556853779708862184e+00,3.556853779708862184e+00,3.552170761978149294e+00,1.313335427200317262e+00,5.070066537017822172e-01,5.070066537017822172e-01,5.070066537017822172e-01,5.070066537017822172e-01,4.999294365997314360e-01,4.999294365997314360e-01,4.999294365997314360e-01,4.925098504180908110e-01,4.919653023834228422e-01,4.906873787994384672e-01,4.871320809478759672e-01,4.620714272613525297e-01,4.126987542266845610e-01,4.126987542266845610e-01
4.992503075044600891e+00,4.992503075044600891e+00,4.424044379150390505e+00,4.284727105056762575e+00,4.284727105056762575e+00,3.368116387283325075e+00,3.142496594345092653e+00,2.630304821884155153e+00,1.520051964675903200e+00,1.048307427322387575e+00,1.048307427322387575e+00,6.111545647735595610e-01,6.111545647735595610e-01,6.111545647735595610e-01,5.253019417877197172e-01,4.509973610992431547e-01,4.084739770050048735e-01,4.084739770050048735e-01,4.042692269439697172e-01,3.991661156768798735e-01,3.991661156768798735e-01
4.858243836947121252e+00,4.858243836947121252e+00,2.101518639480590700e+00,2.101518639480590700e+00,1.641795166885375856e+00,1.443954476272582887e+00,1.305824288284301637e+00,1.115841874038696169e+00,5.424795235748290922e-01,4.703798379058837797e-01,4.703798379058837797e-01,4.300241555328369047e-01,4.300241555328369047e-01,4.155130471343994047e-01,4.155130471343994047e-01,4.155130471343994047e-01,4.155130471343994047e-01,4.117117013092040922e-01,4.093303765411376860e-01,4.049100960845947172e-01,3.982133950347900297e-01
1.237863797389685772e+00,1.237863797389685772e+00,1.172719010269164919e+00,1.172719010269164919e+00,8.888893212432861235e-01,8.888893212432861235e-01,5.512790764923095610e-01,5.443153466339111235e-01,5.443153466339111235e-01,5.435314263458251860e-01,5.430727089996337797e-01,5.430727089996337797e-01,5.391340340728759672e-01,5.219230736846923735e-01,4.498624886627197172e-01,4.498624886627197172e-01,4.498624886627197172e-01,4.498624886627197172e-01,4.498624886627197172e-01,4.498624886627197172e-01,4.078598107452392485e-01
